# Migration is number of nodes that have changed color.

Round		Edge-Cut		Swaps		Migrations		Skipped
0		9283		4619		3244
1		8932		9112		3305
2		8694		13554		3337
3		8441		17899		3451
4		8379		22240		3489
5		8261		26597		3487
6		8260		30914		3488
7		8136		35178		3499
8		8060		39438		3475
9		7956		43721		3516
10		7974		47949		3528
11		7991		52176		3528
12		7915		56413		3547
13		7823		60662		3534
14		7999		64897		3517
15		7919		69166		3532
16		7890		73402		3546
17		7858		77602		3485
18		7869		81890		3484
19		7864		86108		3505
20		7952		90365		3508
21		8053		94659		3534
22		7975		98882		3558
23		7938		103102		3509
24		7880		107373		3563
25		7844		111604		3611
26		7785		115808		3564
27		7705		119969		3525
28		7668		124185		3537
29		7777		128311		3543
30		7726		132461		3539
31		7735		136677		3515
32		7772		140850		3568
33		7686		144969		3548
34		7723		149127		3563
35		7730		153316		3542
36		7615		157481		3562
37		7662		161605		3572
38		7628		165717		3504
39		7591		169864		3561
40		7643		173983		3564
41		7590		178075		3542
42		7575		182154		3551
43		7641		186248		3585
44		7638		190368		3540
45		7694		194498		3545
46		7692		198617		3530
47		7742		202763		3518
48		7592		206897		3572
49		7711		211046		3541
50		7589		215178		3518
51		7673		219342		3509
52		7691		223473		3473
53		7554		227495		3510
54		7625		231599		3506
55		7618		235717		3515
56		7480		239819		3486
57		7489		243924		3487
58		7475		247969		3561
59		7523		252081		3552
60		7501		256162		3591
61		7568		260285		3545
62		7583		264434		3549
63		7538		268581		3603
64		7637		272623		3581
65		7631		276762		3530
66		7571		280889		3478
67		7522		284958		3481
68		7459		288970		3540
69		7381		292919		3516
70		7292		296932		3573
71		7258		300907		3517
72		7248		304824		3539
73		7337		308792		3544
74		7399		312771		3529
75		7367		316709		3521
76		7324		320663		3577
77		7221		324613		3574
78		7415		328536		3566
79		7294		332491		3561
80		7301		336436		3543
81		7269		340397		3537
82		7297		344358		3538
83		7263		348297		3518
84		7287		352253		3526
85		7292		356204		3534
86		7220		360130		3508
87		7099		364041		3544
88		7107		367947		3543
89		7059		371870		3544
90		7126		375789		3506
91		7171		379782		3527
92		7160		383660		3570
93		7101		387523		3579
94		7063		391442		3579
95		7031		395346		3534
96		7113		399216		3538
97		7069		403128		3515
98		7137		407048		3540
99		7094		410833		3548
100		6911		414668		3555
101		6881		418366		3524
102		6918		422028		3549
103		7041		425807		3558
104		6936		429589		3518
105		6884		433265		3546
106		6867		436959		3525
107		6864		440668		3563
108		6881		444417		3539
109		6692		448148		3546
110		6767		451825		3551
111		6748		455506		3531
112		6722		459145		3516
113		6672		462754		3536
114		6748		466355		3528
115		6793		470037		3536
116		6689		473702		3563
117		6804		477330		3566
118		6841		480988		3579
119		6750		484690		3517
120		6738		488324		3558
121		6748		491961		3518
122		6764		495600		3546
123		6804		499342		3523
124		6698		503039		3552
125		6598		506577		3574
126		6570		510042		3568
127		6521		513548		3556
128		6372		517063		3553
129		6342		520546		3530
130		6339		524023		3511
131		6224		527445		3530
132		6134		530864		3524
133		6067		534197		3483
134		5935		537421		3502
135		5971		540594		3499
136		5865		543779		3485
137		5935		546983		3537
138		5890		550178		3528
139		5748		553308		3544
140		5738		556486		3515
141		5765		559684		3524
142		5739		562850		3499
143		5763		566001		3544
144		5746		569181		3510
145		5648		572349		3491
146		5622		575450		3513
147		5548		578561		3516
148		5544		581642		3570
149		5538		584727		3569
150		5549		587863		3515
151		5436		590950		3510
152		5436		593965		3530
153		5408		596948		3520
154		5285		599884		3550
155		5138		602711		3521
156		5146		605558		3520
157		5099		608350		3514
158		5020		611109		3545
159		4976		613775		3537
160		4866		616427		3519
161		4801		619013		3551
162		4839		621609		3570
163		4853		624166		3569
164		4782		626773		3546
165		4777		629379		3524
166		4766		631961		3527
167		4764		634637		3551
168		4695		637281		3542
169		4608		639898		3536
170		4584		642543		3520
171		4523		645162		3523
172		4443		647704		3553
173		4417		650160		3515
174		4323		652579		3500
175		4314		654906		3502
176		4294		657211		3521
177		4187		659492		3497
178		4135		661742		3528
179		4104		663878		3518
180		4115		666079		3548
181		4104		668190		3527
182		4083		670476		3525
183		4074		672679		3533
184		4024		674755		3518
185		3985		676837		3546
186		3980		678878		3535
187		3963		680914		3517
188		3857		682816		3536
189		3858		684774		3541
190		3966		686774		3531
191		3976		688942		3504
192		3986		691142		3543
193		3947		693204		3491
194		3841		695340		3454
195		3811		697362		3484
196		3796		699466		3502
197		3753		701459		3489
198		3742		703373		3510
199		3736		705296		3504
200		3799		707337		3491
201		3831		709292		3466
202		3802		711316		3472
203		3792		713332		3477
204		3808		715327		3497
205		3771		717394		3475
206		3669		719187		3515
207		3538		721056		3541
208		3461		722825		3515
209		3313		724533		3509
210		3218		726221		3510
211		3244		727791		3511
212		3216		729296		3493
213		3157		730928		3537
214		3135		732501		3543
215		3054		734027		3515
216		3052		735584		3549
217		2993		737179		3531
218		2957		738670		3534
219		2921		740214		3523
220		2929		741742		3510
221		2885		743286		3486
222		2877		744740		3478
223		2911		746179		3483
224		2866		747680		3493
225		2860		749035		3523
226		2800		750445		3533
227		2711		751786		3514
228		2720		753131		3509
229		2663		754475		3523
230		2648		755828		3526
231		2672		757112		3542
232		2648		758299		3512
233		2673		759547		3535
234		2604		760742		3519
235		2601		761986		3530
236		2546		763173		3545
237		2459		764331		3542
238		2424		765469		3525
239		2410		766618		3506
240		2406		767691		3536
241		2401		768809		3530
242		2392		769996		3526
243		2331		771021		3506
244		2365		772173		3497
245		2338		773155		3507
246		2383		774255		3519
247		2403		775416		3513
248		2344		776491		3508
249		2360		777608		3540
250		2285		778753		3517
251		2240		779722		3510
252		2186		780773		3521
253		2148		781711		3541
254		2149		782653		3551
255		2158		783702		3545
256		2168		784683		3546
257		2131		785635		3546
258		2066		786511		3518
259		2109		787435		3546
260		2080		788331		3536
261		2068		789270		3517
262		2036		790171		3541
263		2051		791166		3526
264		2025		792145		3543
265		1993		793044		3557
266		1996		793939		3540
267		1997		794824		3530
268		1971		795733		3510
269		1980		796622		3507
270		1963		797570		3533
271		1964		798366		3522
272		1983		799241		3536
273		1926		800161		3539
274		1913		800974		3522
275		1869		801759		3530
276		1879		802570		3545
277		1896		803386		3535
278		1880		804195		3536
279		1857		804962		3519
280		1845		805723		3537
281		1798		806512		3542
282		1807		807271		3542
283		1792		808088		3527
284		1772		808910		3519
285		1724		809605		3521
286		1705		810340		3543
287		1710		811002		3537
288		1747		811637		3539
289		1740		812341		3541
290		1736		813064		3544
291		1745		813733		3538
292		1720		814463		3520
293		1732		815164		3538
294		1659		815896		3539
295		1635		816522		3530
296		1636		817103		3546
297		1572		817685		3538
298		1584		818244		3539
299		1556		818844		3555
300		1536		819429		3533
301		1576		820012		3531
302		1571		820641		3555
303		1563		821242		3548
304		1577		821859		3560
305		1563		822514		3565
306		1562		823135		3570
307		1569		823699		3553
308		1552		824312		3578
309		1572		824907		3557
310		1543		825496		3558
311		1550		826111		3545
312		1546		826733		3569
313		1512		827375		3566
314		1514		827960		3580
315		1507		828541		3562
316		1483		829046		3572
317		1477		829627		3561
318		1463		830143		3540
319		1471		830768		3545
320		1428		831346		3547
321		1454		831894		3544
322		1435		832393		3556
323		1426		832887		3551
324		1448		833407		3556
325		1430		833947		3547
326		1371		834501		3543
327		1367		835039		3537
328		1389		835539		3552
329		1419		836092		3551
330		1389		836628		3545
331		1366		837159		3535
332		1384		837691		3533
333		1349		838201		3535
334		1266		838517		3563
335		1220		838820		3541
336		1166		839086		3541
337		1149		839326		3542
338		1119		839544		3545
339		1105		839739		3556
340		1085		839920		3547
341		1059		840145		3538
342		1044		840303		3546
343		1030		840459		3545
344		1031		840598		3543
345		1025		840730		3541
346		1017		840871		3543
347		992		841005		3542
348		982		841112		3547
349		982		841274		3554
350		971		841396		3541
351		977		841511		3536
352		964		841621		3547
353		959		841759		3543
354		938		841876		3541
355		926		841962		3548
356		921		842052		3545
357		901		842139		3550
358		900		842253		3538
359		891		842336		3542
360		877		842407		3545
361		877		842471		3542
362		873		842550		3539
363		879		842620		3539
364		876		842696		3543
365		881		842780		3552
366		870		842853		3553
367		863		842909		3553
368		858		842959		3560
369		858		843009		3557
370		861		843061		3558
371		851		843133		3551
372		855		843183		3560
373		840		843239		3558
374		837		843285		3555
375		845		843358		3558
376		833		843403		3562
377		824		843459		3551
378		817		843509		3555
379		808		843546		3557
380		794		843591		3553
381		794		843628		3549
382		799		843671		3548
383		798		843704		3543
384		794		843745		3547
385		791		843778		3544
386		790		843825		3549
387		794		843855		3547
388		793		843890		3542
389		792		843931		3540
390		790		843983		3540
391		792		844042		3541
392		798		844083		3543
393		790		844124		3545
394		798		844178		3537
395		796		844225		3540
396		786		844266		3540
397		783		844307		3542
398		783		844343		3539
399		779		844396		3541
400		781		844437		3541
401		781		844472		3539
402		784		844501		3532
403		780		844533		3538
404		778		844570		3542
405		778		844595		3537
406		771		844614		3542
407		770		844644		3547
408		763		844680		3536
409		764		844709		3546
410		762		844728		3541
411		762		844762		3543
412		762		844795		3538
413		764		844823		3545
414		761		844853		3540
415		761		844885		3542
416		752		844914		3537
417		754		844932		3536
418		751		844952		3538
419		748		844967		3540
420		746		844990		3544
421		747		845003		3541
422		748		845026		3541
423		746		845039		3544
424		750		845058		3539
425		752		845088		3540
426		748		845119		3539
427		742		845133		3543
428		738		845159		3547
429		738		845170		3543
430		738		845179		3544
431		739		845187		3544
432		737		845204		3545
433		740		845217		3544
434		735		845228		3542
435		737		845234		3542
436		736		845242		3541
437		735		845254		3538
438		730		845258		3538
439		728		845263		3541
440		727		845267		3540
441		725		845270		3541
442		725		845276		3543
443		721		845280		3542
444		721		845287		3544
445		721		845291		3544
446		721		845294		3545
447		721		845302		3544
448		718		845306		3545
449		719		845308		3545
450		719		845311		3545
451		718		845314		3545
452		721		845319		3546
453		720		845322		3547
454		718		845328		3546
455		718		845332		3546
456		720		845334		3547
457		719		845339		3547
458		721		845342		3547
459		720		845346		3546
460		721		845352		3547
461		722		845359		3546
462		721		845369		3547
463		723		845375		3547
464		724		845381		3545
465		724		845392		3547
466		722		845401		3549
467		722		845428		3547
468		720		845431		3545
469		719		845432		3547
470		720		845437		3546
471		720		845439		3546
472		722		845443		3545
473		722		845446		3546
474		719		845450		3544
475		720		845453		3545
476		721		845456		3545
477		720		845459		3549
478		716		845462		3547
479		718		845464		3547
480		718		845468		3548
481		720		845473		3546
482		719		845475		3546
483		718		845480		3545
484		717		845484		3545
485		716		845486		3546
486		716		845488		3546
487		718		845492		3544
488		717		845498		3545
489		717		845501		3546
490		715		845504		3545
491		718		845513		3546
492		718		845515		3546
493		720		845524		3544
494		720		845526		3544
495		722		845537		3545
496		721		845543		3545
497		721		845549		3546
498		717		845562		3544
499		717		845565		3544
500		718		845572		3545
501		714		845575		3547
502		714		845576		3546
503		714		845578		3546
504		714		845580		3546
505		714		845582		3546
506		714		845584		3546
507		714		845584		3546
508		714		845585		3547
509		714		845586		3546
510		714		845586		3546
511		714		845587		3547
512		714		845588		3546
513		714		845589		3547
514		714		845590		3546
515		714		845590		3546
516		714		845590		3546
517		714		845591		3547
518		714		845592		3546
519		714		845594		3546
520		714		845596		3546
521		714		845597		3546
522		714		845598		3546
523		714		845600		3546
524		714		845601		3546
525		714		845601		3546
526		714		845601		3546
527		714		845601		3546
528		714		845601		3546
529		714		845601		3546
530		714		845601		3546
531		714		845601		3546
532		714		845601		3546
533		714		845601		3546
534		714		845601		3546
535		714		845601		3546
536		714		845601		3546
537		714		845601		3546
538		714		845601		3546
539		714		845601		3546
540		714		845601		3546
541		714		845601		3546
542		714		845601		3546
543		714		845601		3546
544		714		845601		3546
545		714		845601		3546
546		714		845601		3546
547		712		845602		3545
548		712		845604		3545
549		713		845605		3544
550		714		845606		3546
551		713		845609		3544
552		712		845610		3545
553		713		845611		3544
554		713		845613		3544
555		714		845614		3546
556		712		845616		3545
557		713		845617		3544
558		714		845618		3546
559		714		845618		3546
560		714		845620		3546
561		714		845620		3546
562		713		845623		3544
563		714		845624		3546
564		712		845626		3545
565		712		845628		3545
566		712		845630		3545
567		711		845631		3544
568		711		845631		3544
569		711		845631		3544
570		711		845631		3544
571		711		845631		3544
572		711		845631		3544
573		711		845631		3544
574		711		845631		3544
575		711		845631		3544
576		711		845631		3544
577		711		845631		3544
578		711		845631		3544
579		711		845631		3544
580		711		845631		3544
581		711		845631		3544
582		711		845631		3544
583		711		845631		3544
584		711		845631		3544
585		711		845631		3544
586		711		845631		3544
587		711		845631		3544
588		711		845631		3544
589		711		845631		3544
590		711		845631		3544
591		711		845631		3544
592		711		845631		3544
593		711		845631		3544
594		711		845631		3544
595		711		845631		3544
596		711		845631		3544
597		711		845631		3544
598		711		845631		3544
599		711		845631		3544
600		711		845631		3544
601		711		845631		3544
602		711		845631		3544
603		711		845631		3544
604		711		845631		3544
605		711		845631		3544
606		711		845631		3544
607		711		845631		3544
608		711		845631		3544
609		711		845631		3544
610		711		845631		3544
611		711		845631		3544
612		711		845631		3544
613		711		845631		3544
614		711		845631		3544
615		711		845631		3544
616		711		845631		3544
617		711		845631		3544
618		711		845631		3544
619		711		845631		3544
620		711		845631		3544
621		711		845631		3544
622		711		845631		3544
623		711		845631		3544
624		711		845631		3544
625		711		845631		3544
626		711		845631		3544
627		711		845631		3544
628		711		845631		3544
629		711		845631		3544
630		711		845631		3544
631		711		845631		3544
632		711		845631		3544
633		711		845631		3544
634		711		845631		3544
635		711		845631		3544
636		711		845631		3544
637		711		845631		3544
638		711		845631		3544
639		711		845631		3544
640		711		845631		3544
641		711		845631		3544
642		711		845631		3544
643		711		845631		3544
644		711		845631		3544
645		711		845631		3544
646		711		845631		3544
647		711		845631		3544
648		711		845631		3544
649		711		845631		3544
650		711		845631		3544
651		711		845631		3544
652		711		845631		3544
653		711		845631		3544
654		711		845631		3544
655		711		845631		3544
656		711		845631		3544
657		711		845631		3544
658		711		845631		3544
659		711		845631		3544
660		711		845631		3544
661		711		845631		3544
662		711		845631		3544
663		711		845631		3544
664		711		845631		3544
665		711		845631		3544
666		711		845631		3544
667		711		845631		3544
668		711		845631		3544
669		711		845631		3544
670		711		845631		3544
671		711		845631		3544
672		711		845631		3544
673		711		845631		3544
674		711		845631		3544
675		711		845631		3544
676		711		845631		3544
677		711		845631		3544
678		711		845631		3544
679		711		845631		3544
680		711		845631		3544
681		711		845631		3544
682		711		845631		3544
683		711		845631		3544
684		711		845631		3544
685		711		845631		3544
686		711		845631		3544
687		711		845631		3544
688		711		845631		3544
689		711		845631		3544
690		711		845631		3544
691		711		845631		3544
692		711		845631		3544
693		711		845631		3544
694		711		845631		3544
695		711		845631		3544
696		711		845631		3544
697		711		845631		3544
698		711		845631		3544
699		711		845631		3544
700		711		845631		3544
701		711		845631		3544
702		711		845631		3544
703		711		845631		3544
704		711		845631		3544
705		711		845631		3544
706		711		845631		3544
707		711		845631		3544
708		711		845631		3544
709		711		845631		3544
710		711		845631		3544
711		711		845631		3544
712		711		845631		3544
713		711		845631		3544
714		711		845631		3544
715		711		845631		3544
716		711		845631		3544
717		711		845631		3544
718		711		845631		3544
719		711		845631		3544
720		711		845631		3544
721		711		845631		3544
722		711		845631		3544
723		711		845631		3544
724		711		845631		3544
725		711		845631		3544
726		711		845631		3544
727		711		845631		3544
728		711		845631		3544
729		711		845631		3544
730		711		845631		3544
731		711		845631		3544
732		711		845631		3544
733		711		845631		3544
734		711		845631		3544
735		711		845631		3544
736		711		845631		3544
737		711		845631		3544
738		711		845631		3544
739		711		845631		3544
740		711		845631		3544
741		711		845631		3544
742		711		845631		3544
743		711		845631		3544
744		711		845631		3544
745		711		845631		3544
746		711		845631		3544
747		711		845631		3544
748		711		845631		3544
749		711		845631		3544
750		711		845631		3544
751		711		845631		3544
752		711		845631		3544
753		711		845631		3544
754		711		845631		3544
755		711		845631		3544
756		711		845631		3544
757		711		845631		3544
758		711		845631		3544
759		711		845631		3544
760		711		845631		3544
761		711		845631		3544
762		711		845631		3544
763		711		845631		3544
764		711		845631		3544
765		711		845631		3544
766		711		845631		3544
767		711		845631		3544
768		711		845631		3544
769		711		845631		3544
770		711		845631		3544
771		711		845631		3544
772		711		845631		3544
773		711		845631		3544
774		711		845631		3544
775		711		845631		3544
776		711		845631		3544
777		711		845631		3544
778		711		845631		3544
779		711		845631		3544
780		711		845631		3544
781		711		845631		3544
782		711		845631		3544
783		711		845631		3544
784		711		845631		3544
785		711		845631		3544
786		711		845631		3544
787		711		845631		3544
788		711		845631		3544
789		711		845631		3544
790		711		845631		3544
791		711		845631		3544
792		711		845631		3544
793		711		845631		3544
794		711		845631		3544
795		711		845631		3544
796		711		845631		3544
797		711		845631		3544
798		711		845631		3544
799		711		845631		3544
800		711		845631		3544
801		711		845631		3544
802		711		845631		3544
803		711		845631		3544
804		711		845631		3544
805		711		845631		3544
806		711		845631		3544
807		711		845631		3544
808		711		845631		3544
809		711		845631		3544
810		711		845631		3544
811		711		845631		3544
812		711		845631		3544
813		711		845631		3544
814		711		845631		3544
815		711		845631		3544
816		711		845631		3544
817		711		845631		3544
818		711		845631		3544
819		711		845631		3544
820		711		845631		3544
821		711		845631		3544
822		711		845631		3544
823		711		845631		3544
824		711		845631		3544
825		711		845631		3544
826		711		845631		3544
827		711		845631		3544
828		711		845631		3544
829		711		845631		3544
830		711		845631		3544
831		711		845631		3544
832		711		845631		3544
833		711		845631		3544
834		711		845631		3544
835		711		845631		3544
836		711		845631		3544
837		711		845631		3544
838		711		845631		3544
839		711		845631		3544
840		711		845631		3544
841		711		845631		3544
842		711		845631		3544
843		711		845631		3544
844		711		845631		3544
845		711		845631		3544
846		711		845631		3544
847		711		845631		3544
848		711		845631		3544
849		711		845631		3544
850		711		845631		3544
851		711		845631		3544
852		711		845631		3544
853		711		845631		3544
854		711		845631		3544
855		711		845631		3544
856		711		845631		3544
857		711		845631		3544
858		711		845631		3544
859		711		845631		3544
860		711		845631		3544
861		711		845631		3544
862		711		845631		3544
863		711		845631		3544
864		711		845631		3544
865		711		845631		3544
866		711		845631		3544
867		711		845631		3544
868		711		845631		3544
869		711		845631		3544
870		711		845631		3544
871		711		845631		3544
872		711		845631		3544
873		711		845631		3544
874		711		845631		3544
875		711		845631		3544
876		711		845631		3544
877		711		845631		3544
878		711		845631		3544
879		711		845631		3544
880		711		845631		3544
881		711		845631		3544
882		711		845631		3544
883		711		845631		3544
884		711		845631		3544
885		711		845631		3544
886		711		845631		3544
887		711		845631		3544
888		711		845631		3544
889		711		845631		3544
890		711		845631		3544
891		711		845631		3544
892		711		845631		3544
893		711		845631		3544
894		711		845631		3544
895		711		845631		3544
896		711		845631		3544
897		711		845631		3544
898		711		845631		3544
899		711		845631		3544
900		711		845631		3544
901		711		845631		3544
902		711		845631		3544
903		711		845631		3544
904		711		845631		3544
905		711		845631		3544
906		711		845631		3544
907		711		845631		3544
908		711		845631		3544
909		711		845631		3544
910		711		845631		3544
911		711		845631		3544
912		711		845631		3544
913		711		845631		3544
914		711		845631		3544
915		711		845631		3544
916		711		845631		3544
917		711		845631		3544
918		711		845631		3544
919		711		845631		3544
920		711		845631		3544
921		711		845631		3544
922		711		845631		3544
923		711		845631		3544
924		711		845631		3544
925		711		845631		3544
926		711		845631		3544
927		711		845631		3544
928		711		845631		3544
929		711		845631		3544
930		711		845631		3544
931		711		845631		3544
932		711		845631		3544
933		711		845631		3544
934		711		845631		3544
935		711		845631		3544
936		711		845631		3544
937		711		845631		3544
938		711		845631		3544
939		711		845631		3544
940		711		845631		3544
941		711		845631		3544
942		711		845631		3544
943		711		845631		3544
944		711		845631		3544
945		711		845631		3544
946		711		845631		3544
947		711		845631		3544
948		711		845631		3544
949		711		845631		3544
950		711		845631		3544
951		711		845631		3544
952		711		845631		3544
953		711		845631		3544
954		711		845631		3544
955		711		845631		3544
956		711		845631		3544
957		711		845631		3544
958		711		845631		3544
959		711		845631		3544
960		711		845631		3544
961		711		845631		3544
962		711		845631		3544
963		711		845631		3544
964		711		845631		3544
965		711		845631		3544
966		711		845631		3544
967		711		845631		3544
968		711		845631		3544
969		711		845631		3544
970		711		845631		3544
971		711		845631		3544
972		711		845631		3544
973		711		845631		3544
974		711		845631		3544
975		711		845631		3544
976		711		845631		3544
977		711		845631		3544
978		711		845631		3544
979		711		845631		3544
980		711		845631		3544
981		711		845631		3544
982		711		845631		3544
983		711		845631		3544
984		711		845631		3544
985		711		845631		3544
986		711		845631		3544
987		711		845631		3544
988		711		845631		3544
989		711		845631		3544
990		711		845631		3544
991		711		845631		3544
992		711		845631		3544
993		711		845631		3544
994		711		845631		3544
995		711		845631		3544
996		711		845631		3544
997		711		845631		3544
998		711		845631		3544
999		711		845631		3544
