# Migration is number of nodes that have changed color.

Round		Edge-Cut		Swaps		Migrations		Skipped
0		123217		2729		2437
1		122842		5458		1963
2		123323		8187		2059
3		123233		10917		2016
4		123009		13647		2060
5		123395		16378		2026
6		122784		19107		2017
7		123298		21835		2034
8		123244		24566		2070
9		123405		27295		2038
10		123497		30024		2050
11		123235		32752		2029
12		123415		35483		2023
13		123373		38211		2082
14		123281		40942		2047
15		123253		43673		2061
16		123137		46404		2010
17		123405		49134		2047
18		122912		51865		2048
19		123102		54595		2024
20		123424		57324		2082
21		122427		60050		2053
22		122058		62773		2033
23		119647		65497		2031
24		99252		68155		2036
25		78755		70612		2086
26		64778		72846		2072
27		56420		74637		2080
28		53432		76049		2063
29		52068		77324		2032
30		49448		78466		2063
31		48416		79530		2052
32		47811		80476		2052
33		47631		81375		2081
34		47691		82256		2075
35		47690		83032		2055
36		47462		83772		2047
37		46874		84579		2056
38		47421		85352		2066
39		47082		86118		2047
40		47355		86825		2073
41		47016		87553		2033
42		47307		88317		2090
43		47163		89105		2069
44		47415		89904		2069
45		46960		90659		2055
46		47943		91438		2056
47		47745		92217		2063
48		47235		92999		2072
49		47295		93768		2041
50		48025		94511		2049
51		47302		95233		2048
52		46779		95885		2043
53		47034		96559		2063
54		46783		97260		2061
55		46552		97971		2051
56		46562		98648		2048
57		47052		99327		2079
58		46606		99995		2073
59		47151		100677		2069
60		47585		101417		2078
61		46729		102133		2065
62		47582		102854		2064
63		46836		103542		2074
64		46579		104259		2045
65		46673		104971		2034
66		46370		105673		2070
67		46708		106350		2037
68		46252		107039		2071
69		46530		107739		2061
70		46555		108385		2078
71		46824		109025		2080
72		47393		109720		2046
73		47043		110378		2060
74		46074		111078		2074
75		46512		111777		2055
76		46214		112407		2072
77		45480		113042		2066
78		45072		113722		2056
79		44734		114335		2066
80		45055		114948		2065
81		45249		115518		2085
82		45313		116112		2052
83		45837		116741		2067
84		45600		117349		2048
85		45359		117888		2057
86		45783		118457		2062
87		45484		119056		2051
88		45611		119618		2051
89		45488		120199		2059
90		45610		120763		2063
91		46425		121399		2080
92		46392		121956		2054
93		45804		122542		2074
94		45888		123114		2064
95		45972		123728		2053
96		46050		124318		2065
97		45638		124930		2062
98		45389		125538		2068
99		45045		126083		2070
100		44902		126621		2054
101		44735		127157		2066
102		44537		127690		2050
103		44517		128219		2065
104		44136		128760		2068
105		44597		129309		2062
106		44774		129776		2048
107		45277		130276		2047
108		44842		130855		2073
109		45171		131435		2084
110		45122		131946		2053
111		44796		132444		2092
112		44987		132992		2029
113		44864		133476		2046
114		44948		133969		2063
115		45295		134523		2081
116		45943		135087		2061
117		45830		135676		2083
118		45848		136262		2052
119		45787		136832		2056
120		45330		137369		2078
121		45476		137958		2060
122		45837		138518		2053
123		44891		139006		2054
124		44465		139485		2045
125		44493		139949		2073
126		44709		140415		2061
127		44995		140894		2057
128		44842		141384		2067
129		44997		141869		2077
130		44771		142379		2089
131		44736		142863		2078
132		44723		143384		2041
133		44976		143838		2049
134		44682		144282		2055
135		44526		144752		2070
136		45276		145258		2066
137		45191		145762		2074
138		45365		146188		2070
139		45067		146663		2069
140		45075		147138		2096
141		44270		147608		2072
142		44826		148067		2061
143		44461		148485		2046
144		44345		148916		2074
145		44136		149348		2090
146		43965		149727		2084
147		44199		150102		2071
148		44037		150491		2055
149		44201		150886		2061
150		44243		151286		2063
151		44086		151698		2058
152		43947		152110		2061
153		43904		152517		2063
154		43686		152909		2064
155		43614		153310		2037
156		44454		153739		2046
157		44505		154164		2059
158		44240		154557		2059
159		44076		154934		2054
160		43781		155330		2062
161		43915		155726		2079
162		44091		156102		2062
163		43963		156482		2066
164		43698		156904		2063
165		43561		157296		2059
166		43897		157687		2059
167		44047		158120		2059
168		43772		158539		2055
169		43579		158896		2065
170		44217		159262		2090
171		44253		159609		2051
172		44126		159967		2069
173		43547		160287		2074
174		43611		160592		2058
175		43462		160929		2064
176		43409		161254		2084
177		43300		161569		2062
178		43481		161919		2080
179		43707		162283		2065
180		43780		162625		2050
181		43943		162998		2065
182		43772		163361		2061
183		43629		163687		2054
184		43822		164010		2042
185		44026		164332		2053
186		43809		164694		2059
187		44049		165037		2069
188		43510		165385		2072
189		43035		165707		2066
190		43314		166012		2060
191		43468		166343		2064
192		43320		166681		2061
193		42903		166988		2065
194		43250		167277		2053
195		43355		167557		2041
196		43188		167867		2078
197		43090		168136		2069
198		43058		168403		2072
199		43105		168657		2041
200		42864		168956		2057
201		42858		169216		2058
202		42811		169457		2052
203		43092		169732		2076
204		43094		170034		2042
205		43165		170293		2073
206		43083		170554		2084
207		42764		170798		2069
208		42910		171040		2061
209		42926		171296		2071
210		42970		171549		2062
211		43013		171758		2067
212		42982		172010		2069
213		42847		172275		2087
214		42783		172516		2071
215		42715		172743		2074
216		42914		172990		2069
217		43025		173250		2077
218		42864		173512		2099
219		43010		173791		2059
220		43009		174040		2064
221		43025		174309		2081
222		43162		174571		2073
223		42941		174858		2055
224		43188		175117		2076
225		43012		175364		2070
226		42861		175605		2068
227		42983		175851		2070
228		42796		176104		2058
229		42448		176341		2080
230		42354		176551		2060
231		42867		176749		2072
232		42575		176931		2083
233		42506		177101		2081
234		42574		177304		2080
235		42877		177509		2088
236		42696		177715		2080
237		42878		177915		2068
238		42728		178097		2061
239		42617		178286		2079
240		42653		178450		2075
241		42535		178641		2076
242		42539		178834		2085
243		42220		179002		2079
244		42198		179187		2075
245		42127		179362		2054
246		42361		179530		2069
247		42247		179718		2064
248		42246		179900		2073
249		42630		180095		2081
250		42718		180279		2090
251		42371		180444		2083
252		42165		180604		2074
253		42105		180750		2077
254		42052		180900		2090
255		42084		181076		2086
256		42125		181224		2084
257		42119		181365		2078
258		42138		181522		2076
259		41986		181647		2064
260		41827		181748		2075
261		41990		181852		2080
262		41951		181970		2073
263		42050		182106		2068
264		41988		182226		2052
265		42014		182314		2059
266		41943		182413		2064
267		41913		182507		2063
268		41824		182589		2069
269		41652		182685		2073
270		41656		182775		2071
271		41712		182869		2077
272		41672		182946		2064
273		41654		183028		2057
274		41596		183094		2077
275		41649		183171		2065
276		41709		183245		2063
277		41614		183309		2069
278		41566		183394		2057
279		41528		183457		2061
280		41561		183521		2061
281		41513		183597		2056
282		41606		183679		2067
283		41509		183757		2065
284		41533		183816		2058
285		41504		183881		2071
286		41499		183948		2075
287		41511		184035		2072
288		41516		184110		2066
289		41491		184201		2057
290		41521		184253		2062
291		41506		184304		2067
292		41485		184358		2073
293		41503		184410		2065
294		41533		184477		2080
295		41508		184511		2076
296		41492		184552		2073
297		41508		184591		2070
298		41495		184627		2072
299		41489		184676		2070
300		41488		184723		2069
301		41506		184769		2072
302		41500		184809		2076
303		41498		184833		2082
304		41503		184859		2077
305		41509		184889		2070
306		41501		184922		2066
307		41513		184947		2067
308		41493		184977		2069
309		41462		185011		2063
310		41430		185043		2074
311		41435		185073		2070
312		41445		185103		2076
313		41408		185127		2072
314		41398		185143		2071
315		41396		185163		2067
316		41396		185181		2074
317		41388		185199		2071
318		41373		185230		2072
319		41366		185242		2072
320		41316		185262		2071
321		41325		185281		2070
322		41324		185299		2067
323		41323		185305		2064
324		41328		185317		2068
325		41330		185336		2071
326		41325		185351		2070
327		41350		185364		2075
328		41341		185379		2070
329		41339		185389		2073
330		41345		185402		2073
331		41344		185417		2070
332		41338		185433		2074
333		41330		185443		2077
334		41327		185445		2078
335		41327		185448		2078
336		41327		185448		2078
337		41324		185450		2077
338		41327		185452		2079
339		41327		185452		2079
340		41325		185453		2078
341		41321		185454		2078
342		41322		185455		2076
343		41321		185456		2076
344		41318		185457		2076
345		41372		185460		2075
346		41373		185461		2076
347		41365		185462		2076
348		41365		185462		2076
349		41365		185462		2076
350		41359		185463		2077
351		41358		185464		2078
352		41357		185465		2077
353		41355		185467		2078
354		41355		185467		2078
355		41355		185467		2078
356		41355		185467		2078
357		41355		185467		2078
358		41355		185467		2078
359		41355		185467		2078
360		41355		185467		2078
361		41359		185468		2077
362		41359		185468		2077
363		41359		185468		2077
364		41362		185470		2076
365		41362		185470		2076
366		41359		185474		2077
367		41359		185474		2077
368		41356		185477		2077
369		41354		185479		2076
370		41354		185479		2076
371		41351		185480		2076
372		41351		185480		2076
373		41351		185480		2076
374		41347		185481		2076
375		41347		185481		2076
376		41339		185482		2074
377		41340		185483		2076
378		41334		185484		2076
379		41334		185484		2076
380		41334		185484		2076
381		41334		185484		2076
382		41334		185484		2076
383		41334		185484		2076
384		41334		185484		2076
385		41333		185485		2075
386		41333		185485		2075
387		41333		185485		2075
388		41333		185485		2075
389		41333		185485		2075
390		41332		185486		2075
391		41332		185486		2075
392		41332		185486		2075
393		41332		185486		2075
394		41332		185486		2075
395		41332		185486		2075
396		41332		185486		2075
397		41332		185486		2075
398		41332		185486		2075
399		41331		185487		2076
400		41331		185487		2076
401		41331		185487		2076
402		41331		185487		2076
403		41331		185487		2076
404		41331		185487		2076
405		41331		185487		2076
406		41334		185488		2075
407		41334		185488		2075
408		41334		185488		2075
409		41332		185489		2077
410		41332		185489		2077
411		41332		185489		2077
412		41332		185489		2077
413		41332		185489		2077
414		41332		185489		2077
415		41332		185489		2077
416		41332		185489		2077
417		41332		185489		2077
418		41332		185489		2077
419		41332		185489		2077
420		41332		185489		2077
421		41322		185491		2079
422		41321		185492		2078
423		41321		185492		2078
424		41321		185492		2078
425		41321		185492		2078
426		41321		185492		2078
427		41320		185493		2078
428		41320		185493		2078
429		41320		185493		2078
430		41320		185493		2078
431		41320		185493		2078
432		41320		185493		2078
433		41320		185493		2078
434		41320		185493		2078
435		41319		185494		2077
436		41319		185494		2077
437		41319		185494		2077
438		41319		185494		2077
439		41318		185495		2076
440		41318		185495		2076
441		41318		185495		2076
442		41318		185495		2076
443		41318		185495		2076
444		41318		185495		2076
445		41318		185495		2076
446		41318		185495		2076
447		41318		185495		2076
448		41318		185495		2076
449		41318		185495		2076
450		41318		185495		2076
451		41318		185495		2076
452		41318		185495		2076
453		41318		185495		2076
454		41318		185495		2076
455		41318		185495		2076
456		41318		185495		2076
457		41318		185495		2076
458		41318		185495		2076
459		41318		185495		2076
460		41318		185495		2076
461		41318		185495		2076
462		41318		185495		2076
463		41318		185495		2076
464		41318		185495		2076
465		41318		185495		2076
466		41318		185495		2076
467		41318		185495		2076
468		41318		185495		2076
469		41318		185495		2076
470		41318		185495		2076
471		41318		185495		2076
472		41318		185495		2076
473		41318		185495		2076
474		41318		185495		2076
475		41318		185495		2076
476		41318		185495		2076
477		41318		185495		2076
478		41318		185495		2076
479		41318		185495		2076
480		41318		185495		2076
481		41318		185495		2076
482		41318		185495		2076
483		41318		185495		2076
484		41318		185495		2076
485		41318		185495		2076
486		41318		185495		2076
487		41318		185495		2076
488		41318		185495		2076
489		41318		185495		2076
490		41318		185495		2076
491		41318		185495		2076
492		41318		185495		2076
493		41318		185495		2076
494		41318		185495		2076
495		41318		185495		2076
496		41318		185495		2076
497		41318		185495		2076
498		41318		185495		2076
499		41318		185495		2076
500		41318		185495		2076
501		41318		185495		2076
502		41318		185495		2076
503		41318		185495		2076
504		41318		185495		2076
505		41318		185495		2076
506		41318		185495		2076
507		41318		185495		2076
508		41318		185495		2076
509		41318		185495		2076
510		41318		185495		2076
511		41318		185495		2076
512		41318		185495		2076
513		41318		185495		2076
514		41318		185495		2076
515		41318		185495		2076
516		41318		185495		2076
517		41318		185495		2076
518		41318		185495		2076
519		41318		185495		2076
520		41318		185495		2076
521		41318		185495		2076
522		41318		185495		2076
523		41318		185495		2076
524		41318		185495		2076
525		41318		185495		2076
526		41318		185495		2076
527		41318		185495		2076
528		41318		185495		2076
529		41318		185495		2076
530		41318		185495		2076
531		41318		185495		2076
532		41318		185495		2076
533		41318		185495		2076
534		41318		185495		2076
535		41318		185495		2076
536		41318		185495		2076
537		41318		185495		2076
538		41318		185495		2076
539		41318		185495		2076
540		41318		185495		2076
541		41318		185495		2076
542		41318		185495		2076
543		41318		185495		2076
544		41318		185495		2076
545		41318		185495		2076
546		41318		185495		2076
547		41318		185495		2076
548		41318		185495		2076
549		41318		185495		2076
550		41318		185495		2076
551		41318		185495		2076
552		41318		185495		2076
553		41318		185495		2076
554		41318		185495		2076
555		41318		185495		2076
556		41318		185495		2076
557		41318		185495		2076
558		41318		185495		2076
559		41318		185495		2076
560		41318		185495		2076
561		41318		185495		2076
562		41318		185495		2076
563		41318		185495		2076
564		41318		185495		2076
565		41318		185495		2076
566		41318		185495		2076
567		41318		185495		2076
568		41318		185495		2076
569		41318		185495		2076
570		41318		185495		2076
571		41318		185495		2076
572		41318		185495		2076
573		41318		185495		2076
574		41318		185495		2076
575		41318		185495		2076
576		41318		185495		2076
577		41318		185495		2076
578		41318		185495		2076
579		41318		185495		2076
580		41318		185495		2076
581		41318		185495		2076
582		41318		185495		2076
583		41318		185495		2076
584		41318		185495		2076
585		41318		185495		2076
586		41318		185495		2076
587		41318		185495		2076
588		41318		185495		2076
589		41318		185495		2076
590		41318		185495		2076
591		41318		185495		2076
592		41318		185495		2076
593		41318		185495		2076
594		41318		185495		2076
595		41318		185495		2076
596		41318		185495		2076
597		41318		185495		2076
598		41318		185495		2076
599		41318		185495		2076
600		41318		185495		2076
601		41318		185495		2076
602		41318		185495		2076
603		41318		185495		2076
604		41318		185495		2076
605		41318		185495		2076
606		41318		185495		2076
607		41318		185495		2076
608		41318		185495		2076
609		41318		185495		2076
610		41318		185495		2076
611		41318		185495		2076
612		41318		185495		2076
613		41313		185498		2077
614		41313		185498		2077
615		41312		185499		2075
616		41312		185499		2075
617		41312		185499		2075
618		41312		185499		2075
619		41312		185499		2075
620		41312		185499		2075
621		41312		185499		2075
622		41312		185499		2075
623		41312		185499		2075
624		41312		185499		2075
625		41312		185499		2075
626		41312		185499		2075
627		41312		185499		2075
628		41312		185499		2075
629		41312		185499		2075
630		41312		185499		2075
631		41312		185499		2075
632		41312		185499		2075
633		41312		185499		2075
634		41312		185499		2075
635		41312		185499		2075
636		41312		185499		2075
637		41312		185499		2075
638		41312		185499		2075
639		41312		185499		2075
640		41312		185499		2075
641		41312		185499		2075
642		41312		185499		2075
643		41312		185499		2075
644		41312		185499		2075
645		41312		185499		2075
646		41312		185499		2075
647		41312		185499		2075
648		41312		185499		2075
649		41312		185499		2075
650		41312		185499		2075
651		41312		185499		2075
652		41312		185499		2075
653		41312		185499		2075
654		41312		185499		2075
655		41312		185499		2075
656		41312		185499		2075
657		41312		185499		2075
658		41312		185499		2075
659		41312		185499		2075
660		41312		185499		2075
661		41312		185499		2075
662		41312		185499		2075
663		41312		185499		2075
664		41312		185499		2075
665		41312		185499		2075
666		41312		185499		2075
667		41312		185499		2075
668		41312		185499		2075
669		41312		185499		2075
670		41312		185499		2075
671		41312		185499		2075
672		41312		185499		2075
673		41312		185499		2075
674		41312		185499		2075
675		41312		185499		2075
676		41312		185499		2075
677		41312		185499		2075
678		41312		185499		2075
679		41312		185499		2075
680		41312		185499		2075
681		41312		185499		2075
682		41312		185499		2075
683		41312		185499		2075
684		41312		185499		2075
685		41312		185499		2075
686		41312		185499		2075
687		41312		185499		2075
688		41312		185499		2075
689		41312		185499		2075
690		41312		185499		2075
691		41312		185499		2075
692		41312		185499		2075
693		41312		185499		2075
694		41312		185499		2075
695		41312		185499		2075
696		41312		185499		2075
697		41312		185499		2075
698		41312		185499		2075
699		41312		185499		2075
700		41312		185499		2075
701		41312		185499		2075
702		41312		185499		2075
703		41312		185499		2075
704		41312		185499		2075
705		41312		185499		2075
706		41312		185499		2075
707		41312		185499		2075
708		41312		185499		2075
709		41312		185499		2075
710		41312		185499		2075
711		41312		185499		2075
712		41312		185499		2075
713		41312		185499		2075
714		41312		185499		2075
715		41312		185499		2075
716		41312		185499		2075
717		41312		185499		2075
718		41312		185499		2075
719		41312		185499		2075
720		41312		185499		2075
721		41312		185499		2075
722		41312		185499		2075
723		41312		185499		2075
724		41312		185499		2075
725		41312		185499		2075
726		41312		185499		2075
727		41312		185499		2075
728		41312		185499		2075
729		41312		185499		2075
730		41312		185499		2075
731		41312		185499		2075
732		41312		185499		2075
733		41312		185499		2075
734		41312		185499		2075
735		41312		185499		2075
736		41312		185499		2075
737		41312		185499		2075
738		41312		185499		2075
739		41312		185499		2075
740		41312		185499		2075
741		41312		185499		2075
742		41312		185499		2075
743		41312		185499		2075
744		41312		185499		2075
745		41312		185499		2075
746		41312		185499		2075
747		41312		185499		2075
748		41312		185499		2075
749		41312		185499		2075
750		41312		185499		2075
751		41312		185499		2075
752		41312		185499		2075
753		41312		185499		2075
754		41312		185499		2075
755		41312		185499		2075
756		41312		185499		2075
757		41312		185499		2075
758		41312		185499		2075
759		41312		185499		2075
760		41312		185499		2075
761		41312		185499		2075
762		41312		185499		2075
763		41312		185499		2075
764		41312		185499		2075
765		41312		185499		2075
766		41312		185499		2075
767		41312		185499		2075
768		41312		185499		2075
769		41312		185499		2075
770		41312		185499		2075
771		41312		185499		2075
772		41312		185499		2075
773		41312		185499		2075
774		41312		185499		2075
775		41312		185499		2075
776		41312		185499		2075
777		41312		185499		2075
778		41312		185499		2075
779		41312		185499		2075
780		41312		185499		2075
781		41312		185499		2075
782		41312		185499		2075
783		41312		185499		2075
784		41312		185499		2075
785		41312		185499		2075
786		41312		185499		2075
787		41312		185499		2075
788		41312		185499		2075
789		41312		185499		2075
790		41312		185499		2075
791		41312		185499		2075
792		41312		185499		2075
793		41312		185499		2075
794		41312		185499		2075
795		41312		185499		2075
796		41312		185499		2075
797		41312		185499		2075
798		41312		185499		2075
799		41312		185499		2075
800		41312		185499		2075
801		41312		185499		2075
802		41312		185499		2075
803		41312		185499		2075
804		41312		185499		2075
805		41312		185499		2075
806		41312		185499		2075
807		41312		185499		2075
808		41312		185499		2075
809		41312		185499		2075
810		41312		185499		2075
811		41312		185499		2075
812		41312		185499		2075
813		41312		185499		2075
814		41312		185499		2075
815		41312		185499		2075
816		41312		185499		2075
817		41312		185499		2075
818		41312		185499		2075
819		41312		185499		2075
820		41312		185499		2075
821		41312		185499		2075
822		41312		185499		2075
823		41312		185499		2075
824		41312		185499		2075
825		41312		185499		2075
826		41312		185499		2075
827		41312		185499		2075
828		41312		185499		2075
829		41312		185499		2075
830		41312		185499		2075
831		41312		185499		2075
832		41312		185499		2075
833		41312		185499		2075
834		41312		185499		2075
835		41312		185499		2075
836		41312		185499		2075
837		41312		185499		2075
838		41312		185499		2075
839		41312		185499		2075
840		41312		185499		2075
841		41312		185499		2075
842		41312		185499		2075
843		41312		185499		2075
844		41312		185499		2075
845		41312		185499		2075
846		41312		185499		2075
847		41312		185499		2075
848		41312		185499		2075
849		41312		185499		2075
850		41312		185499		2075
851		41312		185499		2075
852		41312		185499		2075
853		41312		185499		2075
854		41312		185499		2075
855		41312		185499		2075
856		41312		185499		2075
857		41312		185499		2075
858		41312		185499		2075
859		41312		185499		2075
860		41312		185499		2075
861		41312		185499		2075
862		41312		185499		2075
863		41312		185499		2075
864		41312		185499		2075
865		41312		185499		2075
866		41312		185499		2075
867		41312		185499		2075
868		41312		185499		2075
869		41312		185499		2075
870		41312		185499		2075
871		41312		185499		2075
872		41312		185499		2075
873		41312		185499		2075
874		41312		185499		2075
875		41312		185499		2075
876		41312		185499		2075
877		41312		185499		2075
878		41312		185499		2075
879		41312		185499		2075
880		41312		185499		2075
881		41312		185499		2075
882		41312		185499		2075
883		41312		185499		2075
884		41312		185499		2075
885		41312		185499		2075
886		41312		185499		2075
887		41312		185499		2075
888		41312		185499		2075
889		41312		185499		2075
890		41312		185499		2075
891		41312		185499		2075
892		41312		185499		2075
893		41312		185499		2075
894		41312		185499		2075
895		41312		185499		2075
896		41312		185499		2075
897		41312		185499		2075
898		41312		185499		2075
899		41312		185499		2075
900		41312		185499		2075
901		41312		185499		2075
902		41312		185499		2075
903		41312		185499		2075
904		41312		185499		2075
905		41312		185499		2075
906		41312		185499		2075
907		41312		185499		2075
908		41312		185499		2075
909		41312		185499		2075
910		41312		185499		2075
911		41312		185499		2075
912		41312		185499		2075
913		41312		185499		2075
914		41312		185499		2075
915		41312		185499		2075
916		41312		185499		2075
917		41312		185499		2075
918		41312		185499		2075
919		41312		185499		2075
920		41312		185499		2075
921		41312		185499		2075
922		41312		185499		2075
923		41312		185499		2075
924		41312		185499		2075
925		41312		185499		2075
926		41312		185499		2075
927		41312		185499		2075
928		41312		185499		2075
929		41312		185499		2075
930		41312		185499		2075
931		41312		185499		2075
932		41312		185499		2075
933		41312		185499		2075
934		41312		185499		2075
935		41312		185499		2075
936		41312		185499		2075
937		41312		185499		2075
938		41312		185499		2075
939		41312		185499		2075
940		41312		185499		2075
941		41312		185499		2075
942		41312		185499		2075
943		41312		185499		2075
944		41312		185499		2075
945		41312		185499		2075
946		41312		185499		2075
947		41312		185499		2075
948		41312		185499		2075
949		41312		185499		2075
950		41312		185499		2075
951		41312		185499		2075
952		41312		185499		2075
953		41312		185499		2075
954		41312		185499		2075
955		41312		185499		2075
956		41312		185499		2075
957		41312		185499		2075
958		41312		185499		2075
959		41312		185499		2075
960		41312		185499		2075
961		41312		185499		2075
962		41312		185499		2075
963		41312		185499		2075
964		41312		185499		2075
965		41312		185499		2075
966		41312		185499		2075
967		41312		185499		2075
968		41312		185499		2075
969		41312		185499		2075
970		41312		185499		2075
971		41312		185499		2075
972		41312		185499		2075
973		41312		185499		2075
974		41312		185499		2075
975		41312		185499		2075
976		41312		185499		2075
977		41312		185499		2075
978		41312		185499		2075
979		41312		185499		2075
980		41312		185499		2075
981		41312		185499		2075
982		41312		185499		2075
983		41312		185499		2075
984		41312		185499		2075
985		41312		185499		2075
986		41312		185499		2075
987		41312		185499		2075
988		41312		185499		2075
989		41312		185499		2075
990		41312		185499		2075
991		41312		185499		2075
992		41312		185499		2075
993		41312		185499		2075
994		41312		185499		2075
995		41312		185499		2075
996		41312		185499		2075
997		41312		185499		2075
998		41312		185499		2075
999		41312		185499		2075
