# Migration is number of nodes that have changed color.

Round		Edge-Cut		Swaps		Migrations		Skipped
0		9077		4434		3223
1		8495		8560		3272
2		8069		12520		3369
3		7818		16386		3384
4		7580		20118		3362
5		7423		23744		3449
6		7185		27255		3482
7		6983		30634		3464
8		6906		34041		3520
9		6883		37392		3468
10		6678		40604		3483
11		6583		43778		3548
12		6383		46815		3505
13		6339		49865		3509
14		6297		52983		3495
15		6233		56073		3499
16		6172		59058		3527
17		6025		62087		3535
18		5940		65009		3528
19		5939		67836		3571
20		5761		70649		3539
21		5581		73371		3547
22		5592		76137		3541
23		5529		78764		3535
24		5397		81396		3507
25		5450		84050		3551
26		5335		86652		3569
27		5273		89267		3573
28		5225		91800		3527
29		5171		94424		3586
30		5081		97090		3540
31		5076		99611		3552
32		4943		102109		3523
33		4755		104560		3553
34		4697		106873		3553
35		4752		109198		3551
36		4627		111552		3559
37		4625		113892		3554
38		4565		116105		3538
39		4444		118262		3562
40		4440		120425		3571
41		4360		122615		3593
42		4352		124743		3592
43		4236		126793		3581
44		4114		128715		3592
45		3987		130635		3533
46		4048		132605		3541
47		3935		134572		3537
48		3889		136481		3523
49		3882		138402		3543
50		3858		140273		3583
51		3850		142067		3523
52		3804		143895		3554
53		3757		145821		3527
54		3730		147581		3551
55		3627		149307		3594
56		3645		150961		3592
57		3577		152737		3571
58		3604		154461		3545
59		3622		156151		3537
60		3544		157809		3549
61		3546		159428		3527
62		3531		161131		3531
63		3500		162759		3554
64		3474		164380		3563
65		3424		166010		3514
66		3359		167604		3553
67		3356		169232		3557
68		3256		170701		3547
69		3239		172210		3567
70		3115		173654		3533
71		3106		175037		3550
72		3074		176532		3546
73		3109		177947		3503
74		3049		179309		3524
75		2989		180590		3548
76		2955		181892		3534
77		2910		183220		3548
78		2943		184552		3547
79		2870		185825		3559
80		2804		187024		3524
81		2720		188178		3552
82		2799		189411		3545
83		2740		190586		3533
84		2698		191691		3543
85		2677		192784		3552
86		2678		193938		3555
87		2640		194990		3545
88		2620		196101		3558
89		2585		197227		3554
90		2605		198236		3562
91		2603		199265		3555
92		2539		200258		3539
93		2538		201287		3553
94		2541		202284		3582
95		2527		203363		3594
96		2555		204455		3548
97		2558		205489		3560
98		2506		206557		3550
99		2465		207541		3562
100		2462		208492		3551
101		2458		209556		3546
102		2401		210501		3566
103		2382		211472		3555
104		2393		212412		3576
105		2336		213365		3573
106		2311		214292		3552
107		2337		215313		3554
108		2318		216254		3551
109		2348		217214		3536
110		2325		218196		3542
111		2282		219052		3555
112		2270		219947		3569
113		2240		220816		3551
114		2206		221705		3565
115		2173		222584		3555
116		2204		223455		3564
117		2181		224359		3549
118		2115		225135		3549
119		2053		225928		3545
120		2038		226755		3565
121		2095		227584		3574
122		2082		228413		3572
123		2058		229181		3564
124		2058		229987		3571
125		2059		230784		3542
126		2049		231546		3551
127		2050		232343		3548
128		2027		233085		3539
129		2016		233879		3517
130		2038		234606		3564
131		2001		235329		3557
132		1926		236072		3557
133		1920		236719		3551
134		1917		237409		3551
135		1945		238106		3545
136		1908		238789		3554
137		1906		239414		3556
138		1916		240094		3557
139		1907		240754		3551
140		1918		241469		3574
141		1928		242133		3578
142		1952		242854		3557
143		1981		243558		3568
144		1942		244276		3555
145		1955		245045		3573
146		1917		245754		3582
147		1888		246427		3577
148		1862		247038		3556
149		1859		247709		3559
150		1864		248324		3566
151		1852		248973		3551
152		1825		249636		3554
153		1810		250313		3550
154		1823		251037		3553
155		1790		251682		3533
156		1802		252324		3526
157		1816		252946		3555
158		1789		253622		3579
159		1774		254248		3536
160		1733		254871		3556
161		1757		255450		3542
162		1736		256093		3542
163		1759		256818		3561
164		1772		257484		3571
165		1753		258129		3540
166		1777		258773		3546
167		1665		259270		3557
168		1614		259672		3562
169		1556		260015		3537
170		1523		260345		3548
171		1479		260631		3553
172		1418		260911		3557
173		1394		261167		3543
174		1362		261409		3552
175		1320		261617		3539
176		1323		261813		3554
177		1286		262012		3547
178		1268		262190		3543
179		1245		262336		3545
180		1231		262499		3550
181		1223		262638		3545
182		1220		262797		3539
183		1195		262902		3544
184		1176		263000		3551
185		1171		263101		3550
186		1151		263194		3545
187		1142		263281		3545
188		1136		263374		3545
189		1123		263456		3543
190		1123		263534		3539
191		1117		263612		3542
192		1114		263690		3552
193		1109		263778		3556
194		1106		263860		3556
195		1106		263926		3551
196		1109		263990		3550
197		1099		264064		3556
198		1092		264131		3548
199		1083		264203		3542
200		1071		264275		3548
201		1057		264336		3548
202		1048		264392		3549
203		1052		264443		3550
204		1045		264507		3548
205		1046		264561		3550
206		1044		264612		3547
207		1031		264657		3552
208		1025		264692		3547
209		1022		264727		3546
210		1026		264770		3557
211		1023		264804		3555
212		1017		264831		3555
213		1009		264860		3555
214		1001		264890		3553
215		1001		264919		3554
216		1002		264941		3551
217		985		264963		3547
218		985		264982		3550
219		984		264993		3549
220		978		265008		3546
221		979		265022		3549
222		979		265034		3549
223		976		265053		3545
224		975		265067		3546
225		974		265075		3548
226		968		265088		3549
227		968		265099		3549
228		968		265106		3548
229		964		265118		3549
230		966		265135		3548
231		965		265149		3549
232		966		265163		3549
233		966		265183		3551
234		971		265197		3550
235		967		265214		3548
236		968		265229		3552
237		968		265243		3552
238		967		265263		3549
239		967		265281		3550
240		965		265293		3550
241		965		265305		3554
242		965		265316		3550
243		968		265340		3550
244		965		265351		3552
245		966		265365		3554
246		965		265374		3552
247		959		265385		3551
248		957		265391		3551
249		958		265394		3551
250		958		265397		3549
251		958		265400		3549
252		954		265406		3551
253		954		265412		3553
254		952		265416		3551
255		952		265427		3553
256		952		265435		3551
257		953		265448		3553
258		950		265451		3552
259		946		265461		3551
260		945		265467		3552
261		945		265473		3550
262		946		265477		3551
263		947		265480		3551
264		948		265484		3550
265		949		265497		3551
266		949		265513		3552
267		944		265516		3549
268		945		265519		3550
269		944		265525		3549
270		944		265527		3549
271		945		265531		3549
272		940		265536		3550
273		939		265541		3550
274		937		265546		3550
275		935		265549		3550
276		935		265551		3550
277		935		265552		3550
278		936		265553		3548
279		936		265555		3548
280		936		265555		3548
281		935		265558		3550
282		937		265564		3549
283		942		265571		3547
284		936		265576		3551
285		937		265581		3550
286		940		265589		3551
287		939		265593		3552
288		940		265602		3549
289		941		265608		3552
290		939		265612		3551
291		939		265614		3550
292		939		265618		3550
293		938		265623		3551
294		940		265628		3551
295		942		265635		3550
296		941		265637		3551
297		943		265651		3549
298		940		265657		3550
299		940		265660		3548
300		940		265667		3550
301		946		265681		3551
302		943		265689		3551
303		940		265697		3553
304		935		265704		3551
305		940		265714		3547
306		939		265720		3551
307		938		265726		3552
308		935		265740		3553
309		933		265746		3553
310		932		265751		3552
311		932		265754		3552
312		932		265756		3552
313		932		265761		3552
314		931		265763		3553
315		932		265768		3552
316		932		265770		3552
317		932		265773		3552
318		929		265776		3552
319		929		265777		3552
320		930		265780		3551
321		929		265785		3552
322		929		265788		3552
323		930		265790		3551
324		930		265796		3551
325		930		265798		3551
326		930		265801		3551
327		930		265805		3551
328		930		265808		3551
329		929		265811		3552
330		930		265817		3551
331		930		265822		3551
332		930		265826		3551
333		930		265829		3551
334		930		265832		3551
335		930		265834		3551
336		930		265839		3551
337		930		265842		3551
338		929		265845		3552
339		930		265849		3551
340		930		265853		3551
341		930		265858		3551
342		930		265862		3551
343		930		265864		3551
344		930		265867		3551
345		930		265870		3551
346		932		265879		3551
347		932		265886		3552
348		932		265895		3550
349		932		265898		3549
350		930		265901		3551
351		929		265906		3550
352		930		265909		3551
353		929		265912		3550
354		929		265914		3550
355		929		265917		3550
356		929		265920		3549
357		930		265922		3551
358		930		265923		3550
359		927		265926		3551
360		928		265927		3552
361		928		265927		3552
362		928		265927		3552
363		928		265929		3552
364		925		265931		3552
365		925		265931		3552
366		926		265932		3553
367		926		265934		3553
368		926		265935		3552
369		926		265935		3552
370		926		265935		3552
371		926		265935		3552
372		926		265935		3552
373		926		265935		3552
374		926		265935		3552
375		926		265935		3552
376		926		265935		3552
377		926		265935		3552
378		926		265935		3552
379		926		265935		3552
380		926		265935		3552
381		926		265935		3552
382		926		265935		3552
383		926		265935		3552
384		924		265936		3553
385		924		265936		3553
386		924		265936		3553
387		924		265936		3553
388		924		265936		3553
389		924		265936		3553
390		924		265936		3553
391		924		265936		3553
392		924		265936		3553
393		924		265936		3553
394		924		265936		3553
395		924		265936		3553
396		924		265936		3553
397		924		265936		3553
398		924		265936		3553
399		924		265936		3553
400		924		265936		3553
401		924		265936		3553
402		924		265936		3553
403		924		265936		3553
404		924		265936		3553
405		924		265936		3553
406		924		265936		3553
407		924		265936		3553
408		924		265936		3553
409		924		265936		3553
410		924		265936		3553
411		924		265936		3553
412		924		265936		3553
413		924		265936		3553
414		924		265936		3553
415		924		265936		3553
416		924		265936		3553
417		924		265936		3553
418		924		265936		3553
419		924		265936		3553
420		924		265936		3553
421		924		265936		3553
422		924		265936		3553
423		924		265936		3553
424		924		265936		3553
425		924		265936		3553
426		924		265936		3553
427		924		265936		3553
428		924		265936		3553
429		924		265936		3553
430		924		265936		3553
431		924		265936		3553
432		924		265936		3553
433		924		265936		3553
434		924		265936		3553
435		924		265936		3553
436		924		265936		3553
437		924		265936		3553
438		924		265936		3553
439		924		265936		3553
440		924		265936		3553
441		924		265936		3553
442		924		265936		3553
443		924		265936		3553
444		924		265936		3553
445		924		265936		3553
446		924		265936		3553
447		924		265936		3553
448		924		265936		3553
449		924		265936		3553
450		924		265936		3553
451		924		265936		3553
452		924		265936		3553
453		924		265936		3553
454		924		265936		3553
455		924		265936		3553
456		924		265936		3553
457		924		265936		3553
458		924		265936		3553
459		924		265936		3553
460		924		265936		3553
461		924		265936		3553
462		924		265936		3553
463		924		265936		3553
464		924		265936		3553
465		924		265936		3553
466		924		265936		3553
467		924		265936		3553
468		924		265936		3553
469		924		265936		3553
470		924		265936		3553
471		924		265936		3553
472		924		265936		3553
473		924		265936		3553
474		924		265936		3553
475		924		265936		3553
476		924		265936		3553
477		924		265936		3553
478		924		265936		3553
479		924		265936		3553
480		924		265936		3553
481		924		265936		3553
482		924		265936		3553
483		924		265936		3553
484		924		265936		3553
485		924		265936		3553
486		924		265936		3553
487		924		265936		3553
488		924		265936		3553
489		924		265936		3553
490		924		265936		3553
491		924		265936		3553
492		924		265936		3553
493		924		265936		3553
494		924		265936		3553
495		924		265936		3553
496		924		265936		3553
497		924		265936		3553
498		924		265936		3553
499		924		265936		3553
500		924		265936		3553
501		924		265936		3553
502		924		265936		3553
503		924		265936		3553
504		924		265936		3553
505		924		265936		3553
506		924		265936		3553
507		924		265936		3553
508		924		265936		3553
509		924		265936		3553
510		924		265936		3553
511		924		265936		3553
512		924		265936		3553
513		924		265936		3553
514		924		265936		3553
515		924		265936		3553
516		924		265936		3553
517		924		265936		3553
518		924		265936		3553
519		924		265936		3553
520		924		265936		3553
521		924		265936		3553
522		924		265936		3553
523		924		265936		3553
524		924		265936		3553
525		924		265936		3553
526		924		265936		3553
527		924		265936		3553
528		924		265936		3553
529		924		265936		3553
530		924		265936		3553
531		924		265936		3553
532		924		265936		3553
533		924		265936		3553
534		924		265936		3553
535		924		265936		3553
536		924		265936		3553
537		924		265936		3553
538		924		265936		3553
539		924		265936		3553
540		924		265936		3553
541		924		265936		3553
542		924		265936		3553
543		924		265936		3553
544		924		265936		3553
545		924		265936		3553
546		924		265936		3553
547		924		265936		3553
548		924		265936		3553
549		924		265936		3553
550		924		265936		3553
551		924		265936		3553
552		924		265936		3553
553		924		265936		3553
554		924		265936		3553
555		924		265936		3553
556		924		265936		3553
557		924		265936		3553
558		924		265936		3553
559		924		265936		3553
560		924		265936		3553
561		924		265936		3553
562		924		265936		3553
563		924		265936		3553
564		924		265936		3553
565		924		265936		3553
566		924		265936		3553
567		924		265936		3553
568		924		265936		3553
569		924		265936		3553
570		924		265936		3553
571		924		265936		3553
572		924		265936		3553
573		924		265936		3553
574		924		265936		3553
575		924		265936		3553
576		924		265936		3553
577		924		265936		3553
578		924		265936		3553
579		924		265936		3553
580		924		265936		3553
581		924		265936		3553
582		924		265936		3553
583		924		265936		3553
584		924		265936		3553
585		924		265936		3553
586		924		265936		3553
587		924		265936		3553
588		924		265936		3553
589		924		265936		3553
590		924		265936		3553
591		924		265936		3553
592		924		265936		3553
593		924		265936		3553
594		924		265936		3553
595		924		265936		3553
596		924		265936		3553
597		924		265936		3553
598		924		265936		3553
599		924		265936		3553
600		924		265936		3553
601		924		265936		3553
602		924		265936		3553
603		924		265936		3553
604		924		265936		3553
605		924		265936		3553
606		924		265936		3553
607		924		265936		3553
608		924		265936		3553
609		924		265936		3553
610		924		265936		3553
611		924		265936		3553
612		924		265936		3553
613		924		265936		3553
614		924		265936		3553
615		924		265936		3553
616		924		265936		3553
617		924		265936		3553
618		924		265936		3553
619		924		265936		3553
620		924		265936		3553
621		924		265936		3553
622		924		265936		3553
623		924		265936		3553
624		924		265936		3553
625		924		265936		3553
626		924		265936		3553
627		924		265936		3553
628		924		265936		3553
629		924		265936		3553
630		924		265936		3553
631		924		265936		3553
632		924		265936		3553
633		924		265936		3553
634		924		265936		3553
635		924		265936		3553
636		924		265936		3553
637		924		265936		3553
638		924		265936		3553
639		924		265936		3553
640		924		265936		3553
641		924		265936		3553
642		924		265936		3553
643		924		265936		3553
644		924		265936		3553
645		924		265936		3553
646		924		265936		3553
647		924		265936		3553
648		924		265936		3553
649		924		265936		3553
650		924		265936		3553
651		924		265936		3553
652		924		265936		3553
653		924		265936		3553
654		924		265936		3553
655		924		265936		3553
656		924		265936		3553
657		924		265936		3553
658		924		265936		3553
659		924		265936		3553
660		924		265936		3553
661		924		265936		3553
662		924		265936		3553
663		924		265936		3553
664		924		265936		3553
665		924		265936		3553
666		924		265936		3553
667		924		265936		3553
668		924		265936		3553
669		924		265936		3553
670		924		265936		3553
671		924		265936		3553
672		924		265936		3553
673		924		265936		3553
674		924		265936		3553
675		924		265936		3553
676		924		265936		3553
677		924		265936		3553
678		924		265936		3553
679		924		265936		3553
680		924		265936		3553
681		924		265936		3553
682		924		265936		3553
683		924		265936		3553
684		924		265936		3553
685		924		265936		3553
686		924		265936		3553
687		924		265936		3553
688		924		265936		3553
689		924		265936		3553
690		924		265936		3553
691		924		265936		3553
692		924		265936		3553
693		924		265936		3553
694		924		265936		3553
695		924		265936		3553
696		924		265936		3553
697		924		265936		3553
698		924		265936		3553
699		924		265936		3553
700		924		265936		3553
701		924		265936		3553
702		924		265936		3553
703		924		265936		3553
704		924		265936		3553
705		924		265936		3553
706		924		265936		3553
707		924		265936		3553
708		924		265936		3553
709		924		265936		3553
710		924		265936		3553
711		924		265936		3553
712		924		265936		3553
713		924		265936		3553
714		924		265936		3553
715		924		265936		3553
716		924		265936		3553
717		924		265936		3553
718		924		265936		3553
719		924		265936		3553
720		924		265936		3553
721		924		265936		3553
722		924		265936		3553
723		924		265936		3553
724		924		265936		3553
725		924		265936		3553
726		924		265936		3553
727		924		265936		3553
728		924		265936		3553
729		924		265936		3553
730		924		265936		3553
731		924		265936		3553
732		924		265936		3553
733		924		265936		3553
734		924		265936		3553
735		924		265936		3553
736		924		265936		3553
737		924		265936		3553
738		924		265936		3553
739		924		265936		3553
740		924		265936		3553
741		924		265936		3553
742		924		265936		3553
743		924		265936		3553
744		924		265936		3553
745		924		265936		3553
746		924		265936		3553
747		924		265936		3553
748		924		265936		3553
749		924		265936		3553
750		924		265936		3553
751		924		265936		3553
752		924		265936		3553
753		924		265936		3553
754		924		265936		3553
755		924		265936		3553
756		924		265936		3553
757		924		265936		3553
758		924		265936		3553
759		924		265936		3553
760		924		265936		3553
761		924		265936		3553
762		924		265936		3553
763		924		265936		3553
764		924		265936		3553
765		924		265936		3553
766		924		265936		3553
767		924		265936		3553
768		924		265936		3553
769		924		265936		3553
770		924		265936		3553
771		924		265936		3553
772		924		265936		3553
773		924		265936		3553
774		924		265936		3553
775		924		265936		3553
776		924		265936		3553
777		924		265936		3553
778		924		265936		3553
779		924		265936		3553
780		924		265936		3553
781		924		265936		3553
782		924		265936		3553
783		924		265936		3553
784		924		265936		3553
785		924		265936		3553
786		924		265936		3553
787		924		265936		3553
788		924		265936		3553
789		924		265936		3553
790		924		265936		3553
791		924		265936		3553
792		924		265936		3553
793		924		265936		3553
794		924		265936		3553
795		924		265936		3553
796		924		265936		3553
797		924		265936		3553
798		924		265936		3553
799		924		265936		3553
800		924		265936		3553
801		924		265936		3553
802		924		265936		3553
803		924		265936		3553
804		924		265936		3553
805		924		265936		3553
806		924		265936		3553
807		924		265936		3553
808		924		265936		3553
809		924		265936		3553
810		924		265936		3553
811		924		265936		3553
812		924		265936		3553
813		924		265936		3553
814		924		265936		3553
815		924		265936		3553
816		924		265936		3553
817		924		265936		3553
818		924		265936		3553
819		924		265936		3553
820		924		265936		3553
821		924		265936		3553
822		924		265936		3553
823		924		265936		3553
824		924		265936		3553
825		924		265936		3553
826		924		265936		3553
827		924		265936		3553
828		924		265936		3553
829		924		265936		3553
830		924		265936		3553
831		924		265936		3553
832		924		265936		3553
833		924		265936		3553
834		924		265936		3553
835		924		265936		3553
836		924		265936		3553
837		924		265936		3553
838		924		265936		3553
839		924		265936		3553
840		924		265936		3553
841		924		265936		3553
842		924		265936		3553
843		924		265936		3553
844		924		265936		3553
845		924		265936		3553
846		924		265936		3553
847		924		265936		3553
848		924		265936		3553
849		924		265936		3553
850		924		265936		3553
851		924		265936		3553
852		924		265936		3553
853		924		265936		3553
854		924		265936		3553
855		924		265936		3553
856		924		265936		3553
857		924		265936		3553
858		924		265936		3553
859		924		265936		3553
860		924		265936		3553
861		924		265936		3553
862		924		265936		3553
863		924		265936		3553
864		924		265936		3553
865		924		265936		3553
866		924		265936		3553
867		924		265936		3553
868		924		265936		3553
869		924		265936		3553
870		924		265936		3553
871		924		265936		3553
872		924		265936		3553
873		924		265936		3553
874		924		265936		3553
875		924		265936		3553
876		924		265936		3553
877		924		265936		3553
878		924		265936		3553
879		924		265936		3553
880		924		265936		3553
881		924		265936		3553
882		924		265936		3553
883		924		265936		3553
884		924		265936		3553
885		924		265936		3553
886		924		265936		3553
887		924		265936		3553
888		924		265936		3553
889		924		265936		3553
890		924		265936		3553
891		924		265936		3553
892		924		265936		3553
893		924		265936		3553
894		924		265936		3553
895		924		265936		3553
896		924		265936		3553
897		924		265936		3553
898		924		265936		3553
899		924		265936		3553
900		924		265936		3553
901		924		265936		3553
902		924		265936		3553
903		924		265936		3553
904		924		265936		3553
905		924		265936		3553
906		924		265936		3553
907		924		265936		3553
908		924		265936		3553
909		924		265936		3553
910		924		265936		3553
911		924		265936		3553
912		924		265936		3553
913		924		265936		3553
914		924		265936		3553
915		924		265936		3553
916		924		265936		3553
917		924		265936		3553
918		924		265936		3553
919		924		265936		3553
920		924		265936		3553
921		924		265936		3553
922		924		265936		3553
923		924		265936		3553
924		924		265936		3553
925		924		265936		3553
926		924		265936		3553
927		924		265936		3553
928		924		265936		3553
929		924		265936		3553
930		924		265936		3553
931		924		265936		3553
932		924		265936		3553
933		924		265936		3553
934		924		265936		3553
935		924		265936		3553
936		924		265936		3553
937		924		265936		3553
938		924		265936		3553
939		924		265936		3553
940		924		265936		3553
941		924		265936		3553
942		924		265936		3553
943		924		265936		3553
944		924		265936		3553
945		924		265936		3553
946		924		265936		3553
947		924		265936		3553
948		924		265936		3553
949		924		265936		3553
950		924		265936		3553
951		924		265936		3553
952		924		265936		3553
953		924		265936		3553
954		924		265936		3553
955		924		265936		3553
956		924		265936		3553
957		924		265936		3553
958		924		265936		3553
959		924		265936		3553
960		924		265936		3553
961		924		265936		3553
962		924		265936		3553
963		924		265936		3553
964		924		265936		3553
965		924		265936		3553
966		924		265936		3553
967		924		265936		3553
968		924		265936		3553
969		924		265936		3553
970		924		265936		3553
971		924		265936		3553
972		924		265936		3553
973		924		265936		3553
974		924		265936		3553
975		924		265936		3553
976		924		265936		3553
977		924		265936		3553
978		924		265936		3553
979		924		265936		3553
980		924		265936		3553
981		924		265936		3553
982		924		265936		3553
983		924		265936		3553
984		924		265936		3553
985		924		265936		3553
986		924		265936		3553
987		924		265936		3553
988		924		265936		3553
989		924		265936		3553
990		924		265936		3553
991		924		265936		3553
992		924		265936		3553
993		924		265936		3553
994		924		265936		3553
995		924		265936		3553
996		924		265936		3553
997		924		265936		3553
998		924		265936		3553
999		924		265936		3553
