# Migration is number of nodes that have changed color.

Round		Edge-Cut		Swaps		Migrations		Skipped
0		9478		4689		3306
1		9266		9359		3320
2		9106		14014		3416
3		9066		18656		3465
4		8983		23298		3471
5		8913		27923		3463
6		8951		32547		3444
7		8940		37183		3481
8		8874		41805		3503
9		8846		46418		3503
10		8857		51032		3519
11		8824		55652		3507
12		8796		60268		3518
13		8854		64906		3533
14		8840		69538		3539
15		8983		74157		3564
16		8879		78793		3532
17		8833		83428		3506
18		8816		88073		3513
19		8869		92695		3522
20		8850		97312		3512
21		8783		101936		3539
22		8766		106546		3524
23		8734		111171		3529
24		8763		115788		3513
25		8746		120409		3513
26		8802		125034		3522
27		8859		129654		3524
28		8842		134279		3512
29		8854		138898		3600
30		8715		143505		3582
31		8829		148128		3526
32		8844		152732		3527
33		8757		157338		3583
34		8777		161941		3574
35		8853		166573		3527
36		8837		171195		3542
37		8928		175820		3533
38		8832		180442		3465
39		8943		185064		3496
40		8924		189692		3545
41		9009		194327		3519
42		8866		198965		3537
43		8820		203586		3536
44		8870		208215		3563
45		8841		212847		3524
46		8841		217450		3557
47		8803		222082		3540
48		8871		226707		3575
49		8830		231340		3488
50		8801		235957		3540
51		8798		240577		3544
52		8801		245207		3576
53		8917		249824		3519
54		8812		254436		3528
55		8858		259063		3517
56		8808		263689		3498
57		8898		268317		3539
58		8756		272922		3537
59		8815		277535		3556
60		8931		282152		3548
61		8881		286769		3518
62		8876		291419		3503
63		8828		296049		3508
64		8777		300677		3540
65		8804		305302		3463
66		8804		309915		3547
67		8687		314519		3497
68		8697		319137		3550
69		8944		323746		3499
70		8841		328388		3505
71		8782		333021		3571
72		8802		337663		3573
73		8777		342265		3501
74		8745		346888		3548
75		8770		351507		3535
76		8839		356137		3607
77		8850		360753		3536
78		8712		365357		3599
79		8892		369964		3507
80		8812		374582		3559
81		8837		379210		3530
82		8787		383835		3542
83		8672		388434		3549
84		8729		393012		3543
85		8696		397597		3527
86		8714		402186		3522
87		8748		406778		3556
88		8691		411352		3600
89		8654		415919		3547
90		8712		420485		3580
91		8592		425062		3584
92		8653		429661		3559
93		8654		434245		3509
94		8685		438825		3581
95		8719		443409		3539
96		8743		447995		3498
97		8745		452605		3540
98		8780		457206		3520
99		8695		461793		3538
100		8684		466388		3503
101		8727		470983		3556
102		8752		475596		3500
103		8782		480199		3571
104		8767		484815		3575
105		8783		489413		3534
106		8749		494026		3528
107		8797		498657		3531
108		8687		503278		3558
109		8666		507871		3551
110		8623		512476		3507
111		8719		517056		3534
112		8539		521582		3542
113		8410		526106		3561
114		8483		530620		3545
115		8546		535135		3519
116		8442		539656		3569
117		8344		544137		3526
118		8556		548628		3560
119		8549		553161		3515
120		8540		557681		3548
121		8547		562216		3497
122		8657		566762		3573
123		8471		571270		3540
124		8456		575794		3529
125		8555		580280		3558
126		8409		584803		3539
127		8555		589322		3518
128		8427		593844		3515
129		8388		598347		3510
130		8475		602858		3516
131		8544		607352		3552
132		8497		611871		3522
133		8466		616365		3500
134		8478		620858		3498
135		8499		625371		3488
136		8567		629889		3441
137		8612		634417		3486
138		8533		638917		3492
139		8487		643421		3497
140		8499		647922		3509
141		8439		652384		3504
142		8561		656895		3497
143		8628		661446		3518
144		8610		665991		3470
145		8458		670517		3550
146		8430		675017		3534
147		8541		679533		3528
148		8447		684025		3532
149		8443		688504		3503
150		8448		692998		3543
151		8607		697513		3533
152		8561		702047		3514
153		8488		706572		3522
154		8525		711073		3540
155		8417		715576		3528
156		8438		720080		3502
157		8439		724580		3499
158		8485		729089		3547
159		8391		733584		3511
160		8442		738094		3504
161		8384		742585		3547
162		8439		747133		3490
163		8447		751635		3517
164		8494		756121		3574
165		8507		760662		3519
166		8513		765188		3564
167		8427		769602		3530
168		8267		774029		3526
169		8183		778375		3546
170		8183		782740		3587
171		8086		787079		3520
172		8006		791396		3571
173		8170		795717		3574
174		8142		800067		3528
175		8184		804421		3559
176		8095		808797		3514
177		8067		813116		3535
178		8046		817444		3565
179		8094		821758		3529
180		8097		826121		3570
181		8033		830458		3545
182		8033		834811		3608
183		8092		839146		3568
184		8037		843475		3579
185		8036		847793		3531
186		8094		852108		3461
187		8059		856445		3610
188		8090		860772		3563
189		8170		865127		3591
190		8148		869468		3585
191		8040		873815		3556
192		7983		878126		3559
193		7945		882399		3532
194		7986		886717		3494
195		7928		891037		3533
196		8009		895379		3567
197		7985		899737		3587
198		8047		904075		3565
199		7985		908438		3533
200		8019		912713		3534
201		7876		916955		3571
202		7874		921171		3590
203		7965		925452		3587
204		7967		929677		3576
205		7918		933934		3531
206		7838		938198		3543
207		7841		942414		3565
208		7847		946681		3577
209		7967		950914		3579
210		7761		955192		3572
211		7870		959409		3560
212		7938		963616		3583
213		7855		967892		3560
214		7789		972109		3567
215		7714		976298		3546
216		7738		980505		3552
217		7714		984743		3501
218		7746		988967		3584
219		7739		993169		3538
220		7850		997405		3533
221		7814		1001674		3549
222		7809		1005853		3544
223		7687		1009977		3538
224		7536		1013997		3575
225		7590		1018036		3495
226		7590		1022125		3518
227		7603		1026156		3504
228		7536		1030155		3512
229		7494		1034217		3488
230		7575		1038242		3514
231		7416		1042315		3524
232		7494		1046355		3493
233		7459		1050333		3535
234		7395		1054360		3557
235		7324		1058345		3546
236		7163		1062246		3522
237		7116		1066126		3545
238		7165		1070056		3610
239		7133		1073959		3557
240		7201		1077911		3504
241		7171		1081809		3483
242		7071		1085638		3556
243		7066		1089512		3502
244		7128		1093439		3513
245		7035		1097304		3491
246		7037		1101144		3533
247		7045		1105031		3517
248		7097		1108973		3579
249		7078		1112855		3549
250		6751		1116479		3567
251		6605		1120017		3502
252		6563		1123503		3478
253		6564		1127013		3529
254		6450		1130496		3528
255		6276		1133886		3544
256		6234		1137249		3583
257		6218		1140644		3579
258		6050		1143940		3549
259		6062		1147178		3538
260		5968		1150463		3533
261		5867		1153700		3549
262		5813		1157001		3558
263		5692		1160113		3517
264		5656		1163293		3576
265		5605		1166367		3540
266		5571		1169500		3485
267		5506		1172363		3547
268		5356		1175171		3578
269		5196		1177928		3560
270		5069		1180555		3513
271		4852		1183118		3502
272		4809		1185496		3509
273		4655		1187860		3531
274		4735		1190197		3500
275		4587		1192589		3502
276		4549		1194951		3504
277		4376		1197241		3533
278		4249		1199462		3514
279		4137		1201589		3544
280		4065		1203730		3561
281		4003		1205780		3500
282		3880		1207836		3543
283		3874		1209832		3535
284		3827		1211767		3532
285		3811		1213767		3522
286		3753		1215652		3543
287		3784		1217667		3509
288		3693		1219604		3533
289		3618		1221510		3517
290		3514		1223369		3533
291		3481		1225200		3514
292		3437		1227016		3521
293		3498		1228815		3565
294		3518		1230595		3586
295		3462		1232401		3529
296		3446		1234260		3534
297		3497		1236084		3578
298		3435		1237891		3525
299		3422		1239733		3584
300		3449		1241452		3574
301		3460		1243334		3548
302		3506		1245218		3540
303		3482		1247051		3521
304		3455		1248818		3566
305		3384		1250650		3558
306		3335		1252433		3517
307		3300		1254151		3522
308		3318		1255947		3507
309		3245		1257728		3543
310		3232		1259508		3539
311		3117		1261217		3551
312		3135		1262796		3545
313		3117		1264413		3558
314		3068		1266072		3578
315		2939		1267678		3591
316		3006		1269200		3571
317		2912		1270852		3563
318		2933		1272488		3570
319		2928		1274068		3557
320		2869		1275682		3565
321		2872		1277131		3571
322		3010		1278720		3549
323		2997		1280317		3558
324		3049		1281999		3564
325		2974		1283620		3570
326		2990		1285191		3553
327		2958		1286786		3548
328		2937		1288296		3557
329		2919		1289925		3535
330		2846		1291468		3582
331		2792		1292942		3585
332		2755		1294453		3577
333		2736		1295788		3577
334		2428		1296487		3574
335		2248		1297113		3574
336		2094		1297612		3566
337		2004		1298050		3552
338		1935		1298441		3579
339		1879		1298753		3572
340		1790		1299056		3579
341		1723		1299307		3559
342		1686		1299567		3572
343		1639		1299765		3568
344		1608		1299932		3556
345		1586		1300111		3560
346		1563		1300285		3571
347		1522		1300455		3563
348		1514		1300572		3566
349		1482		1300713		3560
350		1468		1300809		3548
351		1438		1300891		3556
352		1421		1301002		3550
353		1397		1301080		3546
354		1389		1301133		3550
355		1384		1301188		3544
356		1368		1301241		3551
357		1368		1301298		3550
358		1358		1301346		3553
359		1347		1301395		3552
360		1338		1301474		3549
361		1328		1301533		3553
362		1322		1301584		3555
363		1313		1301623		3559
364		1305		1301660		3553
365		1304		1301691		3552
366		1295		1301721		3554
367		1290		1301738		3551
368		1294		1301770		3551
369		1294		1301809		3555
370		1289		1301838		3555
371		1289		1301858		3548
372		1291		1301879		3552
373		1283		1301902		3550
374		1282		1301921		3548
375		1279		1301942		3551
376		1270		1301966		3546
377		1266		1301980		3545
378		1266		1301998		3550
379		1263		1302006		3550
380		1260		1302015		3550
381		1260		1302028		3548
382		1258		1302038		3548
383		1258		1302055		3547
384		1258		1302061		3550
385		1256		1302077		3547
386		1259		1302092		3549
387		1256		1302109		3544
388		1249		1302123		3549
389		1245		1302132		3547
390		1244		1302138		3544
391		1240		1302147		3546
392		1241		1302156		3544
393		1238		1302167		3543
394		1238		1302173		3542
395		1236		1302185		3544
396		1233		1302190		3544
397		1233		1302198		3546
398		1232		1302204		3544
399		1228		1302209		3544
400		1228		1302217		3542
401		1228		1302223		3543
402		1228		1302227		3545
403		1226		1302229		3547
404		1226		1302231		3547
405		1227		1302232		3546
406		1224		1302234		3548
407		1224		1302234		3548
408		1224		1302234		3548
409		1224		1302234		3548
410		1224		1302234		3548
411		1224		1302234		3548
412		1224		1302234		3548
413		1224		1302234		3548
414		1224		1302234		3548
415		1224		1302234		3548
416		1223		1302237		3547
417		1223		1302242		3548
418		1224		1302250		3548
419		1223		1302257		3545
420		1224		1302263		3547
421		1224		1302267		3548
422		1223		1302271		3546
423		1225		1302277		3550
424		1225		1302282		3549
425		1221		1302294		3549
426		1219		1302300		3549
427		1221		1302307		3548
428		1218		1302320		3547
429		1217		1302338		3547
430		1215		1302356		3548
431		1218		1302370		3548
432		1217		1302392		3545
433		1214		1302409		3545
434		1214		1302423		3544
435		1215		1302431		3546
436		1213		1302452		3545
437		1216		1302479		3547
438		1216		1302489		3547
439		1212		1302502		3546
440		1208		1302520		3548
441		1208		1302531		3548
442		1207		1302535		3549
443		1209		1302550		3546
444		1209		1302560		3547
445		1208		1302567		3546
446		1208		1302575		3545
447		1209		1302577		3544
448		1205		1302581		3546
449		1204		1302587		3545
450		1203		1302594		3545
451		1202		1302602		3545
452		1201		1302612		3549
453		1200		1302617		3548
454		1198		1302620		3549
455		1198		1302622		3549
456		1194		1302628		3550
457		1195		1302630		3549
458		1195		1302635		3551
459		1194		1302640		3549
460		1193		1302644		3549
461		1193		1302647		3548
462		1190		1302650		3549
463		1190		1302651		3548
464		1190		1302653		3548
465		1190		1302655		3548
466		1192		1302657		3548
467		1194		1302661		3549
468		1190		1302665		3549
469		1189		1302668		3549
470		1190		1302673		3549
471		1190		1302678		3549
472		1189		1302680		3548
473		1188		1302684		3547
474		1188		1302686		3547
475		1188		1302688		3547
476		1189		1302689		3548
477		1188		1302697		3545
478		1187		1302699		3546
479		1188		1302705		3545
480		1186		1302706		3546
481		1186		1302707		3548
482		1186		1302709		3548
483		1186		1302710		3546
484		1186		1302711		3548
485		1186		1302713		3547
486		1187		1302716		3547
487		1185		1302718		3547
488		1186		1302721		3547
489		1184		1302723		3544
490		1180		1302730		3546
491		1180		1302733		3546
492		1180		1302735		3547
493		1181		1302738		3546
494		1181		1302740		3546
495		1181		1302755		3548
496		1180		1302760		3548
497		1180		1302764		3547
498		1180		1302768		3548
499		1180		1302772		3548
500		1180		1302777		3547
501		1181		1302779		3548
502		1180		1302786		3544
503		1179		1302791		3546
504		1179		1302794		3546
505		1177		1302798		3547
506		1177		1302799		3547
507		1177		1302800		3546
508		1177		1302802		3547
509		1177		1302802		3547
510		1177		1302802		3547
511		1177		1302803		3547
512		1177		1302806		3547
513		1177		1302806		3547
514		1177		1302807		3547
515		1175		1302808		3548
516		1175		1302808		3548
517		1175		1302808		3548
518		1175		1302808		3548
519		1175		1302808		3548
520		1175		1302808		3548
521		1175		1302808		3548
522		1175		1302808		3548
523		1175		1302808		3548
524		1175		1302808		3548
525		1175		1302808		3548
526		1175		1302808		3548
527		1175		1302808		3548
528		1175		1302808		3548
529		1175		1302808		3548
530		1175		1302808		3548
531		1173		1302809		3546
532		1173		1302809		3546
533		1174		1302812		3547
534		1174		1302813		3545
535		1174		1302814		3547
536		1174		1302816		3547
537		1172		1302817		3546
538		1172		1302817		3546
539		1172		1302817		3546
540		1172		1302817		3546
541		1172		1302817		3546
542		1172		1302817		3546
543		1172		1302817		3546
544		1172		1302817		3546
545		1172		1302817		3546
546		1172		1302817		3546
547		1172		1302817		3546
548		1172		1302817		3546
549		1172		1302817		3546
550		1172		1302817		3546
551		1172		1302817		3546
552		1172		1302817		3546
553		1172		1302817		3546
554		1172		1302817		3546
555		1172		1302817		3546
556		1172		1302817		3546
557		1172		1302817		3546
558		1172		1302817		3546
559		1172		1302817		3546
560		1172		1302817		3546
561		1172		1302817		3546
562		1172		1302817		3546
563		1172		1302817		3546
564		1172		1302817		3546
565		1172		1302817		3546
566		1172		1302817		3546
567		1172		1302817		3546
568		1172		1302817		3546
569		1172		1302817		3546
570		1172		1302817		3546
571		1172		1302817		3546
572		1172		1302817		3546
573		1172		1302817		3546
574		1172		1302817		3546
575		1172		1302817		3546
576		1172		1302817		3546
577		1172		1302817		3546
578		1172		1302817		3546
579		1172		1302817		3546
580		1172		1302817		3546
581		1172		1302817		3546
582		1172		1302817		3546
583		1172		1302817		3546
584		1172		1302817		3546
585		1172		1302817		3546
586		1172		1302817		3546
587		1172		1302817		3546
588		1172		1302817		3546
589		1172		1302817		3546
590		1172		1302817		3546
591		1172		1302817		3546
592		1172		1302817		3546
593		1172		1302817		3546
594		1172		1302817		3546
595		1172		1302817		3546
596		1172		1302817		3546
597		1172		1302817		3546
598		1172		1302817		3546
599		1172		1302817		3546
600		1172		1302817		3546
601		1172		1302817		3546
602		1172		1302817		3546
603		1172		1302817		3546
604		1172		1302817		3546
605		1172		1302817		3546
606		1172		1302817		3546
607		1172		1302817		3546
608		1172		1302817		3546
609		1172		1302817		3546
610		1172		1302817		3546
611		1172		1302817		3546
612		1172		1302817		3546
613		1172		1302817		3546
614		1172		1302817		3546
615		1172		1302817		3546
616		1172		1302817		3546
617		1172		1302817		3546
618		1172		1302817		3546
619		1172		1302817		3546
620		1172		1302817		3546
621		1172		1302817		3546
622		1172		1302817		3546
623		1172		1302817		3546
624		1172		1302817		3546
625		1172		1302817		3546
626		1172		1302817		3546
627		1172		1302817		3546
628		1172		1302817		3546
629		1172		1302817		3546
630		1172		1302817		3546
631		1172		1302817		3546
632		1172		1302817		3546
633		1172		1302817		3546
634		1172		1302817		3546
635		1172		1302817		3546
636		1172		1302817		3546
637		1172		1302817		3546
638		1172		1302817		3546
639		1172		1302817		3546
640		1172		1302817		3546
641		1172		1302817		3546
642		1172		1302817		3546
643		1172		1302817		3546
644		1172		1302817		3546
645		1172		1302817		3546
646		1172		1302817		3546
647		1172		1302817		3546
648		1172		1302817		3546
649		1172		1302817		3546
650		1172		1302817		3546
651		1172		1302817		3546
652		1172		1302817		3546
653		1172		1302817		3546
654		1172		1302817		3546
655		1172		1302817		3546
656		1172		1302817		3546
657		1172		1302817		3546
658		1172		1302817		3546
659		1172		1302817		3546
660		1172		1302817		3546
661		1172		1302817		3546
662		1172		1302817		3546
663		1172		1302817		3546
664		1172		1302817		3546
665		1172		1302817		3546
666		1172		1302817		3546
667		1172		1302817		3546
668		1172		1302817		3546
669		1172		1302817		3546
670		1172		1302817		3546
671		1172		1302817		3546
672		1172		1302817		3546
673		1172		1302817		3546
674		1172		1302817		3546
675		1172		1302817		3546
676		1172		1302817		3546
677		1172		1302817		3546
678		1172		1302817		3546
679		1172		1302817		3546
680		1172		1302817		3546
681		1172		1302817		3546
682		1172		1302817		3546
683		1172		1302817		3546
684		1172		1302817		3546
685		1172		1302817		3546
686		1172		1302817		3546
687		1172		1302817		3546
688		1172		1302817		3546
689		1172		1302817		3546
690		1172		1302817		3546
691		1172		1302817		3546
692		1172		1302817		3546
693		1172		1302817		3546
694		1172		1302817		3546
695		1172		1302817		3546
696		1172		1302817		3546
697		1172		1302817		3546
698		1172		1302817		3546
699		1172		1302817		3546
700		1172		1302817		3546
701		1172		1302817		3546
702		1172		1302817		3546
703		1172		1302817		3546
704		1172		1302817		3546
705		1172		1302817		3546
706		1172		1302817		3546
707		1172		1302817		3546
708		1172		1302817		3546
709		1172		1302817		3546
710		1172		1302817		3546
711		1172		1302817		3546
712		1172		1302817		3546
713		1172		1302817		3546
714		1172		1302817		3546
715		1172		1302817		3546
716		1172		1302817		3546
717		1172		1302817		3546
718		1172		1302817		3546
719		1172		1302817		3546
720		1172		1302817		3546
721		1172		1302817		3546
722		1172		1302817		3546
723		1172		1302817		3546
724		1172		1302817		3546
725		1172		1302817		3546
726		1172		1302817		3546
727		1172		1302817		3546
728		1172		1302817		3546
729		1172		1302817		3546
730		1172		1302817		3546
731		1172		1302817		3546
732		1172		1302817		3546
733		1172		1302817		3546
734		1172		1302817		3546
735		1172		1302817		3546
736		1172		1302817		3546
737		1172		1302817		3546
738		1172		1302817		3546
739		1172		1302817		3546
740		1172		1302817		3546
741		1172		1302817		3546
742		1172		1302817		3546
743		1172		1302817		3546
744		1172		1302817		3546
745		1172		1302817		3546
746		1172		1302817		3546
747		1172		1302817		3546
748		1172		1302817		3546
749		1172		1302817		3546
750		1172		1302817		3546
751		1172		1302817		3546
752		1172		1302817		3546
753		1172		1302817		3546
754		1172		1302817		3546
755		1172		1302817		3546
756		1172		1302817		3546
757		1172		1302817		3546
758		1172		1302817		3546
759		1172		1302817		3546
760		1172		1302817		3546
761		1172		1302817		3546
762		1172		1302817		3546
763		1172		1302817		3546
764		1172		1302817		3546
765		1172		1302817		3546
766		1172		1302817		3546
767		1172		1302817		3546
768		1172		1302817		3546
769		1172		1302817		3546
770		1172		1302817		3546
771		1172		1302817		3546
772		1172		1302817		3546
773		1172		1302817		3546
774		1172		1302817		3546
775		1172		1302817		3546
776		1172		1302817		3546
777		1172		1302817		3546
778		1172		1302817		3546
779		1172		1302817		3546
780		1172		1302817		3546
781		1172		1302817		3546
782		1172		1302817		3546
783		1172		1302817		3546
784		1172		1302817		3546
785		1172		1302817		3546
786		1172		1302817		3546
787		1172		1302817		3546
788		1172		1302817		3546
789		1172		1302817		3546
790		1172		1302817		3546
791		1172		1302817		3546
792		1172		1302817		3546
793		1172		1302817		3546
794		1172		1302817		3546
795		1172		1302817		3546
796		1172		1302817		3546
797		1172		1302817		3546
798		1172		1302817		3546
799		1172		1302817		3546
800		1172		1302817		3546
801		1172		1302817		3546
802		1172		1302817		3546
803		1172		1302817		3546
804		1172		1302817		3546
805		1172		1302817		3546
806		1172		1302817		3546
807		1172		1302817		3546
808		1172		1302817		3546
809		1172		1302817		3546
810		1172		1302817		3546
811		1172		1302817		3546
812		1172		1302817		3546
813		1172		1302817		3546
814		1172		1302817		3546
815		1172		1302817		3546
816		1172		1302817		3546
817		1172		1302817		3546
818		1172		1302817		3546
819		1172		1302817		3546
820		1172		1302817		3546
821		1172		1302817		3546
822		1172		1302817		3546
823		1172		1302817		3546
824		1172		1302817		3546
825		1172		1302817		3546
826		1172		1302817		3546
827		1172		1302817		3546
828		1172		1302817		3546
829		1172		1302817		3546
830		1172		1302817		3546
831		1172		1302817		3546
832		1172		1302817		3546
833		1172		1302817		3546
834		1172		1302817		3546
835		1172		1302817		3546
836		1172		1302817		3546
837		1172		1302817		3546
838		1172		1302817		3546
839		1172		1302817		3546
840		1172		1302817		3546
841		1172		1302817		3546
842		1172		1302817		3546
843		1172		1302817		3546
844		1172		1302817		3546
845		1172		1302817		3546
846		1172		1302817		3546
847		1172		1302817		3546
848		1172		1302817		3546
849		1172		1302817		3546
850		1172		1302817		3546
851		1172		1302817		3546
852		1172		1302817		3546
853		1172		1302817		3546
854		1172		1302817		3546
855		1172		1302817		3546
856		1172		1302817		3546
857		1172		1302817		3546
858		1172		1302817		3546
859		1172		1302817		3546
860		1172		1302817		3546
861		1172		1302817		3546
862		1172		1302817		3546
863		1172		1302817		3546
864		1172		1302817		3546
865		1172		1302817		3546
866		1172		1302817		3546
867		1172		1302817		3546
868		1172		1302817		3546
869		1172		1302817		3546
870		1172		1302817		3546
871		1172		1302817		3546
872		1172		1302817		3546
873		1172		1302817		3546
874		1172		1302817		3546
875		1172		1302817		3546
876		1172		1302817		3546
877		1172		1302817		3546
878		1172		1302817		3546
879		1172		1302817		3546
880		1172		1302817		3546
881		1172		1302817		3546
882		1172		1302817		3546
883		1172		1302817		3546
884		1172		1302817		3546
885		1172		1302817		3546
886		1172		1302817		3546
887		1172		1302817		3546
888		1172		1302817		3546
889		1172		1302817		3546
890		1172		1302817		3546
891		1172		1302817		3546
892		1172		1302817		3546
893		1172		1302817		3546
894		1172		1302817		3546
895		1172		1302817		3546
896		1172		1302817		3546
897		1172		1302817		3546
898		1172		1302817		3546
899		1172		1302817		3546
900		1172		1302817		3546
901		1172		1302817		3546
902		1172		1302817		3546
903		1172		1302817		3546
904		1172		1302817		3546
905		1172		1302817		3546
906		1172		1302817		3546
907		1172		1302817		3546
908		1172		1302817		3546
909		1172		1302817		3546
910		1172		1302817		3546
911		1172		1302817		3546
912		1172		1302817		3546
913		1172		1302817		3546
914		1172		1302817		3546
915		1172		1302817		3546
916		1172		1302817		3546
917		1172		1302817		3546
918		1172		1302817		3546
919		1172		1302817		3546
920		1172		1302817		3546
921		1172		1302817		3546
922		1172		1302817		3546
923		1172		1302817		3546
924		1172		1302817		3546
925		1172		1302817		3546
926		1172		1302817		3546
927		1172		1302817		3546
928		1172		1302817		3546
929		1172		1302817		3546
930		1172		1302817		3546
931		1172		1302817		3546
932		1172		1302817		3546
933		1172		1302817		3546
934		1172		1302817		3546
935		1172		1302817		3546
936		1172		1302817		3546
937		1172		1302817		3546
938		1172		1302817		3546
939		1172		1302817		3546
940		1172		1302817		3546
941		1172		1302817		3546
942		1172		1302817		3546
943		1172		1302817		3546
944		1172		1302817		3546
945		1172		1302817		3546
946		1172		1302817		3546
947		1172		1302817		3546
948		1172		1302817		3546
949		1172		1302817		3546
950		1172		1302817		3546
951		1172		1302817		3546
952		1172		1302817		3546
953		1172		1302817		3546
954		1172		1302817		3546
955		1172		1302817		3546
956		1172		1302817		3546
957		1172		1302817		3546
958		1172		1302817		3546
959		1172		1302817		3546
960		1172		1302817		3546
961		1172		1302817		3546
962		1172		1302817		3546
963		1172		1302817		3546
964		1172		1302817		3546
965		1172		1302817		3546
966		1172		1302817		3546
967		1172		1302817		3546
968		1172		1302817		3546
969		1172		1302817		3546
970		1172		1302817		3546
971		1172		1302817		3546
972		1172		1302817		3546
973		1172		1302817		3546
974		1172		1302817		3546
975		1172		1302817		3546
976		1172		1302817		3546
977		1172		1302817		3546
978		1172		1302817		3546
979		1172		1302817		3546
980		1172		1302817		3546
981		1172		1302817		3546
982		1172		1302817		3546
983		1172		1302817		3546
984		1172		1302817		3546
985		1172		1302817		3546
986		1172		1302817		3546
987		1172		1302817		3546
988		1172		1302817		3546
989		1172		1302817		3546
990		1172		1302817		3546
991		1172		1302817		3546
992		1172		1302817		3546
993		1172		1302817		3546
994		1172		1302817		3546
995		1172		1302817		3546
996		1172		1302817		3546
997		1172		1302817		3546
998		1172		1302817		3546
999		1172		1302817		3546
